 -2.000000     5.746069395423e-04
 -1.990000     2.809514949094e-04
 -1.980000     9.331998165479e-05
 -1.970000     1.589640124910e-04
 -1.960000     4.902695792720e-04
 -1.950000     1.148465449074e-03
 -1.940000     2.431382403372e-03
 -1.930000     5.393763031165e-03
 -1.920000     1.404482809457e-02
 -1.910000     3.341346233141e-02
 -1.900000     1.995467157630e-03
 -1.890000     6.124011937147e-05
 -1.880000     5.625507976819e-05
 -1.870000     5.828339348620e-05
 -1.860000     5.049440349602e-04
 -1.850000     2.491710758066e-03
 -1.840000     3.539009373609e-03
 -1.830000     2.457116997137e-03
 -1.820000     9.833463615598e-03
 -1.810000     5.919673020399e-04
 -1.800000     4.803947753914e-05
 -1.790000     1.160959559316e-05
 -1.780000     5.387419539544e-06
 -1.770000     3.878802683185e-06
 -1.760000     3.621951731107e-06
 -1.750000     3.871967965678e-06
 -1.740000     4.416783453695e-06
 -1.730000     5.173121382524e-06
 -1.720000     6.080202746132e-06
 -1.710000     7.053493188143e-06
 -1.700000     7.933262757905e-06
 -1.690000     8.374588958268e-06
 -1.680000     7.584052157330e-06
 -1.670000     4.133147788787e-06
 -1.660000     1.566545395223e-06
 -1.650000     2.130722608642e-06
 -1.640000     3.549064288173e-06
 -1.630000     6.704803138483e-06
 -1.620000     1.498541202684e-05
 -1.610000     4.390144149110e-05
 -1.600000     2.221143228545e-04
 -1.590000     4.002692806460e-03
 -1.580000     2.675015397236e-02
 -1.570000     5.323235188043e-02
 -1.560000     7.783268794162e-02
 -1.550000     1.006759726565e-01
 -1.540000     1.222039249316e-01
 -1.530000     1.427395664502e-01
 -1.520000     1.624895723495e-01
 -1.510000     1.815817561596e-01
 -1.500000     2.000944145275e-01
 -1.490000     2.180749863428e-01
 -1.480000     2.355525643892e-01
 -1.470000     2.525465127386e-01
 -1.460000     2.690728910861e-01
 -1.450000     2.851499785643e-01
 -1.440000     3.008042139521e-01
 -1.430000     3.160786371656e-01
 -1.420000     3.310486643719e-01
 -1.410000     3.458601900654e-01
 -1.400000     3.608536421909e-01
 -1.390000     3.771512968788e-01
 -1.380000     3.949793804788e-01
 -1.370000     4.095456949227e-01
 -1.360000     4.223797413790e-01
 -1.350000     4.341558936473e-01
 -1.340000     4.450877769478e-01
 -1.330000     4.552698548780e-01
 -1.320000     4.647535345201e-01
 -1.310000     4.735713834297e-01
 -1.300000     4.817467343421e-01
 -1.290000     4.892980635741e-01
 -1.280000     4.962411779668e-01
 -1.270000     5.025903743658e-01
 -1.260000     5.083590770506e-01
 -1.250000     5.135601942446e-01
 -1.240000     5.182063175183e-01
 -1.230000     5.223098314420e-01
 -1.220000     5.258829718174e-01
 -1.210000     5.289378550421e-01
 -1.200000     5.314864921743e-01
 -1.190000     5.335407959392e-01
 -1.180000     5.351125856489e-01
 -1.170000     5.362135929507e-01
 -1.160000     5.368554699859e-01
 -1.150000     5.370498006766e-01
 -1.140000     5.368081152768e-01
 -1.130000     5.361419079493e-01
 -1.120000     5.350626568792e-01
 -1.110000     5.335818462823e-01
 -1.100000     5.317109895734e-01
 -1.090000     5.294616529228e-01
 -1.080000     5.268454784170e-01
 -1.070000     5.238742060625e-01
 -1.060000     5.205596939148e-01
 -1.050000     5.169139356670e-01
 -1.040000     5.129490751080e-01
 -1.030000     5.086774169360e-01
 -1.020000     5.041114335061e-01
 -1.010000     4.992637671781e-01
 -1.000000     4.941472280343e-01
 -0.990000     4.887747868283e-01
 -0.980000     4.831595631282e-01
 -0.970000     4.773148087185e-01
 -0.960000     4.712538864004e-01
 -0.950000     4.649902444188e-01
 -0.940000     4.585373868426e-01
 -0.930000     4.519088402648e-01
 -0.920000     4.451181172588e-01
 -0.910000     4.381786770701e-01
 -0.900000     4.311038840593e-01
 -0.890000     4.239069644066e-01
 -0.880000     4.166009616761e-01
 -0.870000     4.091986916757e-01
 -0.860000     4.017126972123e-01
 -0.850000     3.941552031780e-01
 -0.840000     3.865380724121e-01
 -0.830000     3.788727627286e-01
 -0.820000     3.711702854277e-01
 -0.810000     3.634411655462e-01
 -0.800000     3.556954040225e-01
 -0.790000     3.479424418687e-01
 -0.780000     3.401911263564e-01
 -0.770000     3.324496791290e-01
 -0.760000     3.247256660573e-01
 -0.750000     3.170259685509e-01
 -0.740000     3.093567559352e-01
 -0.730000     3.017234583838e-01
 -0.720000     2.941307397756e-01
 -0.710000     2.865824697071e-01
 -0.700000     2.790816937352e-01
 -0.690000     2.716306007516e-01
 -0.680000     2.642304861730e-01
 -0.670000     2.568817093898e-01
 -0.660000     2.495836436028e-01
 -0.650000     2.423346158005e-01
 -0.640000     2.351318341560e-01
 -0.630000     2.279712995179e-01
 -0.620000     2.208476969013e-01
 -0.610000     2.137542618929e-01
 -0.600000     2.066826155933e-01
 -0.590000     1.996225600345e-01
 -0.580000     1.925618237961e-01
 -0.570000     1.854857445868e-01
 -0.560000     1.783768716472e-01
 -0.550000     1.712144655443e-01
 -0.540000     1.639738658055e-01
 -0.530000     1.566256871620e-01
 -0.520000     1.491347919827e-01
 -0.510000     1.414589684905e-01
 -0.500000     1.335472199473e-01
 -0.490000     1.253375373982e-01
 -0.480000     1.167539867725e-01
 -0.470000     1.077028928875e-01
 -0.460000     9.806786441680e-02
 -0.450000     8.770343647686e-02
 -0.440000     7.642742785145e-02
 -0.430000     6.401352058403e-02
 -0.420000     5.019146898302e-02
 -0.410000     3.469114271655e-02
 -0.400000     1.757545261714e-02
 -0.390000     3.009531094440e-03
 -0.380000     4.452306976373e-04
 -0.370000     1.694600166088e-04
 -0.360000     9.166513697764e-05
 -0.350000     5.904620865301e-05
 -0.340000     4.236138486475e-05
 -0.330000     3.277180647681e-05
 -0.320000     2.685222963498e-05
 -0.310000     2.305182139691e-05
 -0.300000     2.059219426348e-05
 -0.290000     1.905807705097e-05
 -0.280000     1.822658631106e-05
 -0.270000     1.798997283243e-05
 -0.260000     1.832333193671e-05
 -0.250000     1.927839849800e-05
 -0.240000     2.100048184711e-05
 -0.230000     2.377847042262e-05
 -0.220000     2.816028520163e-05
 -0.210000     3.522481000608e-05
 -0.200000     4.729012471857e-05
 -0.190000     7.007953538247e-05
 -0.180000     1.211864331379e-04
 -0.170000     2.800878580312e-04
 -0.160000     1.367087059180e-03
 -0.150000     1.107867340790e-02
 -0.140000     2.433793881711e-02
 -0.130000     3.490952766881e-02
 -0.120000     4.295620544291e-02
 -0.110000     4.904859548027e-02
 -0.100000     5.366088199200e-02
 -0.090000     5.714875889166e-02
 -0.080000     5.977500441278e-02
 -0.070000     6.173459650316e-02
 -0.060000     6.317365077708e-02
 -0.050000     6.420291786692e-02
 -0.040000     6.490730012908e-02
 -0.030000     6.535258819401e-02
 -0.020000     6.559027432093e-02
 -0.010000     6.566103059327e-02
 0.000000     6.559725199267e-02
 0.010000     6.542493738129e-02
 0.020000     6.516509628732e-02
 0.030000     6.483481215027e-02
 0.040000     6.444805390067e-02
 0.050000     6.401630120826e-02
 0.060000     6.354903037415e-02
 0.070000     6.305409500149e-02
 0.080000     6.253802650421e-02
 0.090000     6.200627303485e-02
 0.100000     6.146339160677e-02
 0.110000     6.091320582986e-02
 0.120000     6.035891630511e-02
 0.130000     5.980321505448e-02
 0.140000     5.924836749973e-02
 0.150000     5.869627924236e-02
 0.160000     5.814855266123e-02
 0.170000     5.760653393639e-02
 0.180000     5.707135224584e-02
 0.190000     5.654395256459e-02
 0.200000     5.602512321072e-02
 0.210000     5.551551905955e-02
 0.220000     5.501568117073e-02
 0.230000     5.452605343332e-02
 0.240000     5.404699672241e-02
 0.250000     5.357880097249e-02
 0.260000     5.312169550021e-02
 0.270000     5.267585785199e-02
 0.280000     5.224142140454e-02
 0.290000     5.181848190817e-02
 0.300000     5.140710313161e-02
 0.310000     5.100732174093e-02
 0.320000     5.061915152435e-02
 0.330000     5.024258705696e-02
 0.340000     4.987760688483e-02
 0.350000     4.952417629577e-02
 0.360000     4.918224973445e-02
 0.370000     4.885177290996e-02
 0.380000     4.853268463648e-02
 0.390000     4.822491844668e-02
 0.400000     4.792840400033e-02
 0.410000     4.764306832091e-02
 0.420000     4.736883687677e-02
 0.430000     4.710563452462e-02
 0.440000     4.685338632510e-02
 0.450000     4.661201823628e-02
 0.460000     4.638145766921e-02
 0.470000     4.616163387013e-02
 0.480000     4.595247802164e-02
 0.490000     4.575392282753e-02
 0.500000     4.556590291574e-02
 0.510000     4.538839094264e-02
 0.520000     4.522134936987e-02
 0.530000     4.506472168737e-02
 0.540000     4.491850968228e-02
 0.550000     4.478312060463e-02
 0.560000     4.467305484652e-02
 0.570000     4.454896724481e-02
 0.580000     4.443652250835e-02
 0.590000     4.434129952962e-02
 0.600000     4.425656359334e-02
 0.610000     4.418209292327e-02
 0.620000     4.411787211724e-02
 0.630000     4.406391238193e-02
 0.640000     4.402023579150e-02
 0.650000     4.398687293657e-02
 0.660000     4.396386255794e-02
 0.670000     4.395125160500e-02
 0.680000     4.394909541506e-02
 0.690000     4.395745793853e-02
 0.700000     4.397641198849e-02
 0.710000     4.400603950883e-02
 0.720000     4.404643185800e-02
 0.730000     4.409769011053e-02
 0.740000     4.415992537588e-02
 0.750000     4.423325913597e-02
 0.760000     4.431782360340e-02
 0.770000     4.441376210158e-02
 0.780000     4.452122946871e-02
 0.790000     4.464039248747e-02
 0.800000     4.477143034338e-02
 0.810000     4.491453511789e-02
 0.820000     4.506991234761e-02
 0.830000     4.523778222285e-02
 0.840000     4.541839801311e-02
 0.850000     4.561195612211e-02
 0.860000     4.581876782834e-02
 0.870000     4.603910154778e-02
 0.880000     4.627325518979e-02
 0.890000     4.652154557007e-02
 0.900000     4.678430856444e-02
 0.910000     4.706189995888e-02
 0.920000     4.735469642387e-02
 0.930000     4.766309656593e-02
 0.940000     4.798752205469e-02
 0.950000     4.832841882923e-02
 0.960000     4.868625838933e-02
 0.970000     4.906153917771e-02
 0.980000     4.945478806103e-02
 0.990000     4.986656191694e-02
 1.000000     5.029744933591e-02
 1.010000     5.074807244740e-02
 1.020000     5.121908887994e-02
 1.030000     5.171119386731e-02
 1.040000     5.222512251195e-02
 1.050000     5.276165221985e-02
 1.060000     5.332160532099e-02
 1.070000     5.390585189269e-02
 1.080000     5.451531280264e-02
 1.090000     5.515096299166e-02
 1.100000     5.581383501789e-02
 1.110000     5.650502288703e-02
 1.120000     5.722568619463e-02
 1.130000     5.797705461012e-02
 1.140000     5.876043273564e-02
 1.150000     5.957720537592e-02
 1.160000     6.042884326003e-02
 1.170000     6.131690926031e-02
 1.180000     6.224306516045e-02
 1.190000     6.320907902222e-02
 1.200000     6.421683323403e-02
 1.210000     6.526833328737e-02
 1.220000     6.636571737957e-02
 1.230000     6.751126693146e-02
 1.240000     6.870741812072e-02
 1.250000     6.995677455129e-02
 1.260000     7.126212119293e-02
 1.270000     7.262643974519e-02
 1.280000     7.405292560257e-02
 1.290000     7.554500662485e-02
 1.300000     7.710636394788e-02
 1.310000     7.874095510920e-02
 1.320000     8.045303980681e-02
 1.330000     8.224720866435e-02
 1.340000     8.412841544848e-02
 1.350000     8.610201325463e-02
 1.360000     8.817379528946e-02
 1.370000     9.035004099703e-02
 1.380000     9.263756843472e-02
 1.390000     9.504379400339e-02
 1.400000     9.757680089056e-02
 1.410000     1.002454179134e-01
 1.420000     1.030593108782e-01
 1.430000     1.060290891435e-01
 1.440000     1.091664308358e-01
 1.450000     1.124842312151e-01
 1.460000     1.159967801296e-01
 1.470000     1.197199765448e-01
 1.480000     1.236715910605e-01
 1.490000     1.278715916867e-01
 1.500000     1.323425546070e-01
 1.510000     1.371101917981e-01
 1.520000     1.422040434209e-01
 1.530000     1.476584094469e-01
 1.540000     1.535136405169e-01
 1.550000     1.598179897814e-01
 1.560000     1.666303821677e-01
 1.570000     1.740247689809e-01
 1.580000     1.820974104125e-01
 1.590000     1.909800184595e-01
 1.600000     2.008657677585e-01
 1.610000     2.120654013517e-01
 1.620000     2.250892267259e-01
 1.630000     2.381819694694e-01
 1.640000     2.455495518420e-01
 1.650000     2.525582921609e-01
 1.660000     2.601073198468e-01
 1.670000     2.681976653194e-01
 1.680000     2.767893509273e-01
 1.690000     2.858476632344e-01
 1.700000     2.953436091224e-01
 1.710000     3.052509181394e-01
 1.720000     3.155434091157e-01
 1.730000     3.261928899800e-01
 1.740000     3.371673998357e-01
 1.750000     3.484296269187e-01
 1.760000     3.599353866948e-01
 1.770000     3.716320776555e-01
 1.780000     3.834570487371e-01
 1.790000     3.953358150914e-01
 1.800000     4.071800495702e-01
 1.810000     4.188852544588e-01
 1.820000     4.303279777971e-01
 1.830000     4.413623737190e-01
 1.840000     4.518158045179e-01
 1.850000     4.614830235347e-01
 1.860000     4.701182296068e-01
 1.870000     4.774238895918e-01
 1.880000     4.830345882137e-01
 1.890000     4.864931097674e-01
 1.900000     4.872141626117e-01
 1.910000     4.844280142498e-01
 1.920000     4.770906346944e-01
 1.930000     4.637363198952e-01
 1.940000     4.422286822056e-01
 1.950000     4.093280236540e-01
 1.960000     3.599320888975e-01
 1.970000     2.858529855039e-01
 1.980000     1.753711074550e-01
 1.990000     3.936871462442e-02
 2.000000     3.058403638397e-03
