 -2.000000     1.128711143394e-04
 -1.990000     1.249118153380e-04
 -1.980000     6.024646530039e-05
 -1.970000     7.713114580364e-05
 -1.960000     3.133462690509e-04
 -1.950000     9.504345711513e-04
 -1.940000     2.600748110082e-03
 -1.930000     8.174577349442e-03
 -1.920000     3.236131573241e-02
 -1.910000     1.470623964936e-02
 -1.900000     4.277967799053e-04
 -1.890000     2.563226225691e-05
 -1.880000     5.623807303228e-05
 -1.870000     1.152498275047e-04
 -1.860000     1.213085191397e-03
 -1.850000     3.069178001831e-03
 -1.840000     2.734953648775e-03
 -1.830000     1.112364090222e-03
 -1.820000     7.463926865142e-03
 -1.810000     3.571698634161e-04
 -1.800000     3.194959675587e-05
 -1.790000     8.524428481478e-06
 -1.780000     4.314739207328e-06
 -1.770000     3.279854931784e-06
 -1.760000     3.122385080236e-06
 -1.750000     3.320594754503e-06
 -1.740000     3.709004911097e-06
 -1.730000     4.206263477907e-06
 -1.720000     4.742264573776e-06
 -1.710000     5.227902211313e-06
 -1.700000     5.527381720763e-06
 -1.690000     5.413015785402e-06
 -1.680000     4.495854791734e-06
 -1.670000     2.395475566111e-06
 -1.660000     1.409578813317e-06
 -1.650000     2.079228706251e-06
 -1.640000     3.562638428442e-06
 -1.630000     6.921737127656e-06
 -1.620000     1.598483007995e-05
 -1.610000     4.878777707748e-05
 -1.600000     2.607490276652e-04
 -1.590000     5.110168460122e-03
 -1.580000     3.566502014326e-02
 -1.570000     6.941469699027e-02
 -1.560000     9.919945555037e-02
 -1.550000     1.259300266315e-01
 -1.540000     1.505136593565e-01
 -1.530000     1.735103131982e-01
 -1.520000     1.952528400607e-01
 -1.510000     2.159406307612e-01
 -1.500000     2.356966867977e-01
 -1.490000     2.545994303924e-01
 -1.480000     2.727016012080e-01
 -1.470000     2.900420557103e-01
 -1.460000     3.066536429108e-01
 -1.450000     3.225691654138e-01
 -1.440000     3.378270337149e-01
 -1.430000     3.524786839680e-01
 -1.420000     3.666021988788e-01
 -1.410000     3.803360376196e-01
 -1.400000     3.939944668998e-01
 -1.390000     4.085224885281e-01
 -1.380000     4.224110963980e-01
 -1.370000     4.338983184049e-01
 -1.360000     4.442124796568e-01
 -1.350000     4.536766104000e-01
 -1.340000     4.624074358128e-01
 -1.330000     4.704650832057e-01
 -1.320000     4.778882247153e-01
 -1.310000     4.847056629725e-01
 -1.300000     4.909410098304e-01
 -1.290000     4.966148395291e-01
 -1.280000     5.017457724076e-01
 -1.270000     5.063510569876e-01
 -1.260000     5.104468991046e-01
 -1.250000     5.140486569273e-01
 -1.240000     5.171709625875e-01
 -1.230000     5.198278030610e-01
 -1.220000     5.220325785216e-01
 -1.210000     5.237981485928e-01
 -1.200000     5.251368725373e-01
 -1.190000     5.260606468663e-01
 -1.180000     5.265809423148e-01
 -1.170000     5.267088412005e-01
 -1.160000     5.264550755883e-01
 -1.150000     5.258300663334e-01
 -1.140000     5.248439628268e-01
 -1.130000     5.235066831398e-01
 -1.120000     5.218279541695e-01
 -1.110000     5.198173513386e-01
 -1.100000     5.174843373839e-01
 -1.090000     5.148382997582e-01
 -1.080000     5.118885861827e-01
 -1.070000     5.086445379043e-01
 -1.060000     5.051155202389e-01
 -1.050000     5.013109500171e-01
 -1.040000     4.972403195862e-01
 -1.030000     4.929132170722e-01
 -1.020000     4.883393426476e-01
 -1.010000     4.835285206113e-01
 -1.000000     4.784907071386e-01
 -0.990000     4.732359936176e-01
 -0.980000     4.677746055521e-01
 -0.970000     4.621168970634e-01
 -0.960000     4.562733410900e-01
 -0.950000     4.502545154366e-01
 -0.940000     4.440710848779e-01
 -0.930000     4.377337795719e-01
 -0.920000     4.312533700854e-01
 -0.910000     4.246406393663e-01
 -0.900000     4.179063520205e-01
 -0.890000     4.110612213301e-01
 -0.880000     4.041158743142e-01
 -0.870000     3.970808153836e-01
 -0.860000     3.899663888648e-01
 -0.850000     3.827827408640e-01
 -0.840000     3.755397808083e-01
 -0.830000     3.682471430139e-01
 -0.820000     3.609141485746e-01
 -0.810000     3.535497678274e-01
 -0.800000     3.461625835897e-01
 -0.790000     3.387607553052e-01
 -0.780000     3.313519841656e-01
 -0.770000     3.239434792009e-01
 -0.760000     3.165419242512e-01
 -0.750000     3.091534456407e-01
 -0.740000     3.017835802864e-01
 -0.730000     2.944372438612e-01
 -0.720000     2.871186985219e-01
 -0.710000     2.798315195815e-01
 -0.700000     2.725785603592e-01
 -0.690000     2.653619142730e-01
 -0.680000     2.581828730425e-01
 -0.670000     2.510418796334e-01
 -0.660000     2.439384742912e-01
 -0.650000     2.368712316602e-01
 -0.640000     2.298376865502e-01
 -0.630000     2.228342453682e-01
 -0.620000     2.158560795389e-01
 -0.610000     2.088969963547e-01
 -0.600000     2.019492815555e-01
 -0.590000     1.950035064612e-01
 -0.580000     1.880482905277e-01
 -0.570000     1.810700077024e-01
 -0.560000     1.740524214985e-01
 -0.550000     1.669762293121e-01
 -0.540000     1.598184904239e-01
 -0.530000     1.525519040769e-01
 -0.520000     1.451438931156e-01
 -0.510000     1.375554340224e-01
 -0.500000     1.297395546336e-01
 -0.490000     1.216393953106e-01
 -0.480000     1.131856978001e-01
 -0.470000     1.042935521646e-01
 -0.460000     9.485821231958e-02
 -0.450000     8.474984134983e-02
 -0.440000     7.380735983724e-02
 -0.430000     6.183283056733e-02
 -0.420000     4.859286042417e-02
 -0.410000     3.385734157705e-02
 -0.400000     1.767193369823e-02
 -0.390000     3.362624141197e-03
 -0.380000     4.653417467543e-04
 -0.370000     1.724978684679e-04
 -0.360000     9.255228550910e-05
 -0.350000     5.945930273687e-05
 -0.340000     4.263892569490e-05
 -0.330000     3.300740580025e-05
 -0.320000     2.707819205413e-05
 -0.310000     2.328201049774e-05
 -0.300000     2.083471191307e-05
 -0.290000     1.931955582399e-05
 -0.280000     1.851402240171e-05
 -0.270000     1.831194986713e-05
 -0.260000     1.869123859771e-05
 -0.250000     1.970808643516e-05
 -0.240000     2.151488364085e-05
 -0.230000     2.441205522991e-05
 -0.220000     2.896705807053e-05
 -0.210000     3.629334839307e-05
 -0.200000     4.877263127623e-05
 -0.190000     7.224397191229e-05
 -0.180000     1.244303601510e-04
 -0.170000     2.832753404531e-04
 -0.160000     1.303014649171e-03
 -0.150000     1.133810463061e-02
 -0.140000     2.610337689599e-02
 -0.130000     3.777171881935e-02
 -0.120000     4.651000459378e-02
 -0.110000     5.301609697302e-02
 -0.100000     5.785867960144e-02
 -0.090000     6.145620951006e-02
 -0.080000     6.411260295340e-02
 -0.070000     6.604997766157e-02
 -0.060000     6.743255154385e-02
 -0.050000     6.838328327248e-02
 -0.040000     6.899538649308e-02
 -0.030000     6.934035096871e-02
 -0.020000     6.947359414980e-02
 -0.010000     6.943849448826e-02
 0.000000     6.926930739885e-02
 0.010000     6.899330003885e-02
 0.020000     6.863233292090e-02
 0.030000     6.820404489539e-02
 0.040000     6.772275031740e-02
 0.050000     6.720012497673e-02
 0.060000     6.664573532742e-02
 0.070000     6.606745029717e-02
 0.080000     6.547176427853e-02
 0.090000     6.486405239589e-02
 0.100000     6.424877566527e-02
 0.110000     6.362964275092e-02
 0.120000     6.300973179552e-02
 0.130000     6.239160899485e-02
 0.140000     6.177741118471e-02
 0.150000     6.116891612980e-02
 0.160000     6.056760078378e-02
 0.170000     5.997468943517e-02
 0.180000     5.939119365134e-02
 0.190000     5.881794554842e-02
 0.200000     5.825562560521e-02
 0.210000     5.770478599680e-02
 0.220000     5.716587023370e-02
 0.230000     5.663922974234e-02
 0.240000     5.612513790347e-02
 0.250000     5.562380197103e-02
 0.260000     5.513537321657e-02
 0.270000     5.465995558470e-02
 0.280000     5.419761309437e-02
 0.290000     5.374837618116e-02
 0.300000     5.331224714290e-02
 0.310000     5.288920482392e-02
 0.320000     5.247920865172e-02
 0.330000     5.208220212087e-02
 0.340000     5.169811580494e-02
 0.350000     5.132686996389e-02
 0.360000     5.096837680410e-02
 0.370000     5.062254244134e-02
 0.380000     5.028926860371e-02
 0.390000     4.996845411690e-02
 0.400000     4.965999619347e-02
 0.410000     4.936379155683e-02
 0.420000     4.907973741784e-02
 0.430000     4.880773232058e-02
 0.440000     4.854767686555e-02
 0.450000     4.829947431940e-02
 0.460000     4.806303108521e-02
 0.470000     4.783825700373e-02
 0.480000     4.762506536739e-02
 0.490000     4.742337244127e-02
 0.500000     4.723310033499e-02
 0.510000     4.705421514184e-02
 0.520000     4.688665046962e-02
 0.530000     4.673034701998e-02
 0.540000     4.658530748795e-02
 0.550000     4.645209856159e-02
 0.560000     4.634870376187e-02
 0.570000     4.622153192110e-02
 0.580000     4.611608923811e-02
 0.590000     4.602618378386e-02
 0.600000     4.594750669787e-02
 0.610000     4.587989207103e-02
 0.620000     4.582332900001e-02
 0.630000     4.577783015022e-02
 0.640000     4.574341947719e-02
 0.650000     4.572013035772e-02
 0.660000     4.570800532364e-02
 0.670000     4.570709614892e-02
 0.680000     4.571746404144e-02
 0.690000     4.573917987747e-02
 0.700000     4.577232446108e-02
 0.710000     4.581698880359e-02
 0.720000     4.587327442118e-02
 0.730000     4.594129365237e-02
 0.740000     4.602116999538e-02
 0.750000     4.611303846698e-02
 0.760000     4.621704598465e-02
 0.770000     4.633335177315e-02
 0.780000     4.646212779865e-02
 0.790000     4.660355923106e-02
 0.800000     4.675784494072e-02
 0.810000     4.692519804645e-02
 0.820000     4.710584671343e-02
 0.830000     4.730004357308e-02
 0.840000     4.750803587799e-02
 0.850000     4.773008768432e-02
 0.860000     4.796651452052e-02
 0.870000     4.821762021227e-02
 0.880000     4.848373471936e-02
 0.890000     4.876520832641e-02
 0.900000     4.906241221529e-02
 0.910000     4.937573940851e-02
 0.920000     4.970560582475e-02
 0.930000     5.005245141808e-02
 0.940000     5.041674139889e-02
 0.950000     5.079896754072e-02
 0.960000     5.119964957844e-02
 0.970000     5.161933670467e-02
 0.980000     5.205860917194e-02
 0.990000     5.251808000876e-02
 1.000000     5.299839685836e-02
 1.010000     5.350024395025e-02
 1.020000     5.402434421553e-02
 1.030000     5.457146155538e-02
 1.040000     5.514240327790e-02
 1.050000     5.573802272454e-02
 1.060000     5.635922207605e-02
 1.070000     5.700695539104e-02
 1.080000     5.768223186550e-02
 1.090000     5.838611935167e-02
 1.100000     5.911974814746e-02
 1.110000     5.988431508986e-02
 1.120000     6.068108797441e-02
 1.130000     6.151141033285e-02
 1.140000     6.237670660262e-02
 1.150000     6.327848772482e-02
 1.160000     6.421835721289e-02
 1.170000     6.519801773744e-02
 1.180000     6.621927827939e-02
 1.190000     6.728406190370e-02
 1.200000     6.839441423681e-02
 1.210000     6.955251268586e-02
 1.220000     7.076067651617e-02
 1.230000     7.202137785772e-02
 1.240000     7.333725375043e-02
 1.250000     7.471111934484e-02
 1.260000     7.614598239140e-02
 1.270000     7.764505917063e-02
 1.280000     7.921179203733e-02
 1.290000     8.084986877918e-02
 1.300000     8.256324401838e-02
 1.310000     8.435616292634e-02
 1.320000     8.623318755170e-02
 1.330000     8.819922613645e-02
 1.340000     9.025956583229e-02
 1.350000     9.241990932480e-02
 1.360000     9.468641595913e-02
 1.370000     9.706574807928e-02
 1.380000     9.956512343889e-02
 1.390000     1.021923747256e-01
 1.400000     1.049560174735e-01
 1.410000     1.078653279418e-01
 1.420000     1.109304329260e-01
 1.430000     1.141624139857e-01
 1.440000     1.175734292591e-01
 1.450000     1.211768569655e-01
 1.460000     1.249874659773e-01
 1.470000     1.290216205979e-01
 1.480000     1.332975293028e-01
 1.490000     1.378355506947e-01
 1.500000     1.426585755688e-01
 1.510000     1.477925120016e-01
 1.520000     1.532669132167e-01
 1.530000     1.591158082757e-01
 1.540000     1.653788290869e-01
 1.550000     1.721027840713e-01
 1.560000     1.793439288398e-01
 1.570000     1.871713656915e-01
 1.580000     1.956723376624e-01
 1.590000     2.049607605819e-01
 1.600000     2.151908632931e-01
 1.610000     2.265724488829e-01
 1.620000     2.392750163890e-01
 1.630000     2.503452784620e-01
 1.640000     2.524851933626e-01
 1.650000     2.549620783093e-01
 1.660000     2.585869650635e-01
 1.670000     2.630068070878e-01
 1.680000     2.680067870010e-01
 1.690000     2.734542104221e-01
 1.700000     2.792586207019e-01
 1.710000     2.853520179794e-01
 1.720000     2.916783853410e-01
 1.730000     2.981875887869e-01
 1.740000     3.048314524998e-01
 1.750000     3.115609589133e-01
 1.760000     3.183240291557e-01
 1.770000     3.250635749752e-01
 1.780000     3.317156267241e-01
 1.790000     3.382073950559e-01
 1.800000     3.444551436829e-01
 1.810000     3.503617483650e-01
 1.820000     3.558137970832e-01
 1.830000     3.606780473890e-01
 1.840000     3.647969947342e-01
 1.850000     3.679832117356e-01
 1.860000     3.700119788894e-01
 1.870000     3.706115203894e-01
 1.880000     3.694498506478e-01
 1.890000     3.661167758775e-01
 1.900000     3.600989031087e-01
 1.910000     3.507444804134e-01
 1.920000     3.372134192898e-01
 1.930000     3.184058845980e-01
 1.940000     2.928614053458e-01
 1.950000     2.586239297212e-01
 1.960000     2.131009463824e-01
 1.970000     1.531479015682e-01
 1.980000     7.719050032715e-02
 1.990000     1.056607741688e-02
 2.000000     1.218459746328e-03
