
 0.000000      -21.07367585 
 0.015633      -21.07128967 
 0.031266      -21.06412992 
 0.046898      -21.05219802 
 0.062531      -21.03549541 
 0.078164      -21.01402515 
 0.093797      -20.98779097 
 0.109430      -20.95679797 
 0.125062      -20.92105062 
 0.140695      -20.88055565 
 0.156328      -20.83531687 
 0.171961      -20.78534508 
 0.187594      -20.73064863 
 0.203226      -20.67123789 
 0.218859      -20.60712415 
 0.234492      -20.53831992 
 0.250125      -20.46483792 
 0.265758      -20.38669468 
 0.281390      -20.30390860 
 0.297023      -20.21650181 
 0.312656      -20.12450434 
 0.328289      -20.02795583 
 0.343922      -19.92692634 
 0.359555      -19.82158832 
 0.375187      -19.71269076 
 0.390820      -19.62132867 
 &&
 0.000000      -20.74417487 
 0.015633      -20.74179937 
 0.031266      -20.73467206 
 0.046898      -20.72279436 
 0.062531      -20.70616830 
 0.078164      -20.68479779 
 0.093797      -20.65868500 
 0.109430      -20.62783686 
 0.125062      -20.59225610 
 0.140695      -20.55195004 
 0.156328      -20.50692662 
 0.171961      -20.45719422 
 0.187594      -20.40276094 
 0.203226      -20.34363905 
 0.218859      -20.27984009 
 0.234492      -20.21137719 
 0.250125      -20.13826330 
 0.265758      -20.06051844 
 0.281390      -19.97816111 
 0.297023      -19.89121403 
 0.312656      -19.79970790 
 0.328289      -19.70368347 
 0.343922      -19.60321364 
 0.359555      -19.49847543 
 0.375187      -19.47238666 
 0.390820      -19.56818686 
 &&
 0.000000      -20.74415931 
 0.015633      -20.74178380 
 0.031266      -20.73465650 
 0.046898      -20.72277880 
 0.062531      -20.70615274 
 0.078164      -20.68478223 
 0.093797      -20.65866943 
 0.109430      -20.62782129 
 0.125062      -20.59224053 
 0.140695      -20.55193447 
 0.156328      -20.50691105 
 0.171961      -20.45717865 
 0.187594      -20.40274537 
 0.203226      -20.34362348 
 0.218859      -20.27982451 
 0.234492      -20.21136160 
 0.250125      -20.13824772 
 0.265758      -20.06050285 
 0.281390      -19.97814552 
 0.297023      -19.89119843 
 0.312656      -19.79969230 
 0.328289      -19.70366786 
 0.343922      -19.60319803 
 0.359555      -19.49845981 
 0.375187      -19.39022711 
 0.390820      -19.29959393 
 &&
 0.000000      -19.78804295 
 0.015633      -19.78569859 
 0.031266      -19.77866091 
 0.046898      -19.76693314 
 0.062531      -19.75051785 
 0.078164      -19.72941916 
 0.093797      -19.70364157 
 0.109430      -19.67319042 
 0.125062      -19.63807215 
 0.140695      -19.59829332 
 0.156328      -19.55386491 
 0.171961      -19.50479546 
 0.187594      -19.45109931 
 0.203226      -19.39278537 
 0.218859      -19.32987050 
 0.234492      -19.26236938 
 0.250125      -19.19030123 
 0.265758      -19.11368675 
 0.281390      -19.03254915 
 0.297023      -18.94691488 
 0.312656      -18.95351810 
 0.328289      -19.09019592 
 0.343922      -19.22245099 
 0.359555      -19.35010535 
 0.375187      -19.39021147 
 0.390820      -19.29957822 
 &&
 0.000000      -19.78804177 
 0.015633      -19.78569630 
 0.031266      -19.77865917 
 0.046898      -19.76693226 
 0.062531      -19.75051606 
 0.078164      -19.72941771 
 0.093797      -19.70363824 
 0.109430      -19.67318862 
 0.125062      -19.63806954 
 0.140695      -19.59829088 
 0.156328      -19.55386211 
 0.171961      -19.50479318 
 0.187594      -19.45109600 
 0.203226      -19.39278185 
 0.218859      -19.32986759 
 0.234492      -19.26236933 
 0.250125      -19.19030107 
 0.265758      -19.11368562 
 0.281390      -19.03254739 
 0.297023      -18.94691307 
 0.312656      -18.85682011 
 0.328289      -18.77147792 
 0.343922      -18.90287930 
 0.359555      -19.02972755 
 0.375187      -19.15123171 
 0.390820      -19.24626194 
 &&
 0.000000      -18.28386129 
 0.015633      -18.28156490 
 0.031266      -18.27467162 
 0.046898      -18.26318720 
 0.062531      -18.24711132 
 0.078164      -18.22645388 
 0.093797      -18.20122075 
 0.109430      -18.17142010 
 0.125062      -18.13706143 
 0.140695      -18.09815675 
 0.156328      -18.05471946 
 0.171961      -18.00676623 
 0.187594      -17.95431576 
 0.203226      -17.89738707 
 0.218859      -18.04584851 
 0.234492      -18.20710986 
 0.250125      -18.36452267 
 0.265758      -18.51795785 
 0.281390      -18.66732688 
 0.297023      -18.81254068 
 0.312656      -18.85682008 
 0.328289      -18.77146228 
 0.343922      -18.90286367 
 0.359555      -19.02971193 
 0.375187      -19.15121610 
 0.390820      -19.24624640 
 &&
 0.000000      -18.28386107 
 0.015633      -18.28156468 
 0.031266      -18.27467139 
 0.046898      -18.26318697 
 0.062531      -18.24711109 
 0.078164      -18.22645365 
 0.093797      -18.20122052 
 0.109430      -18.17141986 
 0.125062      -18.13706119 
 0.140695      -18.09815651 
 0.156328      -18.05471921 
 0.171961      -18.00676598 
 0.187594      -17.95431551 
 0.203226      -17.89738680 
 0.218859      -17.83600404 
 0.234492      -17.89461209 
 0.250125      -18.05083487 
 0.265758      -18.20314685 
 0.281390      -18.35145424 
 0.297023      -18.49566473 
 0.312656      -18.63570017 
 0.328289      -18.76231252 
 0.343922      -18.66347202 
 0.359555      -18.56048774 
 0.375187      -18.45415216 
 0.390820      -18.36569177 
 &&
 0.000000      -16.35630504 
 0.015633      -16.35415545 
 0.031266      -16.34771026 
 0.046898      -16.33697956 
 0.062531      -16.32197329 
 0.078164      -16.46761624 
 0.093797      -16.64666588 
 0.109430      -16.82761020 
 0.125062      -17.00849595 
 0.140695      -17.18809788 
 0.156328      -17.36561492 
 0.171961      -17.54049324 
 0.187594      -17.71234188 
 0.203226      -17.88086669 
 0.218859      -17.83600377 
 0.234492      -17.89459642 
 0.250125      -18.05081920 
 0.265758      -18.20313119 
 0.281390      -18.35143858 
 0.297023      -18.49564908 
 0.312656      -18.63568452 
 0.328289      -18.76231221 
 0.343922      -18.66347057 
 0.359555      -18.56048529 
 0.375187      -18.45414876 
 0.390820      -18.36566798 
 &&
 0.000000      -16.33251182 
 0.015633      -16.33033092 
 0.031266      -16.32378966 
 0.046898      -16.31289975 
 0.062531      -16.29766767 
 0.078164      -16.30273005 
 0.093797      -16.34807373 
 0.109430      -16.52721789 
 0.125062      -16.70634633 
 0.140695      -16.88424909 
 0.156328      -17.06013983 
 0.171961      -17.23346243 
 0.187594      -17.40383518 
 0.203226      -17.57095738 
 0.218859      -17.73460857 
 0.234492      -17.77019461 
 0.250125      -17.69998218 
 0.265758      -17.62540280 
 0.281390      -17.54649623 
 0.297023      -17.57646593 
 0.312656      -17.71357440 
 0.328289      -17.84660192 
 0.343922      -17.97543100 
 0.359555      -18.09984802 
 0.375187      -18.21903470 
 0.390820      -18.31177327 
 &&
 0.000000      -15.85023551 
 0.015633      -15.88827360 
 0.031266      -15.98973757 
 0.046898      -16.13095272 
 0.062531      -16.29376971 
 0.078164      -16.27812564 
 0.093797      -16.34805803 
 0.109430      -16.52720219 
 0.125062      -16.70633063 
 0.140695      -16.88423339 
 0.156328      -17.06012414 
 0.171961      -17.23344674 
 0.187594      -17.40381949 
 0.203226      -17.57094169 
 0.218859      -17.73459289 
 0.234492      -17.77019433 
 0.250125      -17.69998189 
 0.265758      -17.62540250 
 0.281390      -17.54649589 
 0.297023      -17.57646228 
 0.312656      -17.71357140 
 0.328289      -17.84660016 
 0.343922      -17.97543039 
 0.359555      -18.09984718 
 0.375187      -18.21903221 
 0.390820      -18.31175011 
 &&
 0.000000      -15.55936932 
 0.015633      -15.59711504 
 0.031266      -15.69770607 
 0.046898      -15.83757659 
 0.062531      -15.99876223 
 0.078164      -16.17084104 
 0.093797      -16.27928067 
 0.109430      -16.25166182 
 0.125062      -16.21992925 
 0.140695      -16.18416135 
 0.156328      -16.17745588 
 0.171961      -16.34569490 
 0.187594      -16.51125006 
 0.203226      -16.67382480 
 0.218859      -16.83319354 
 0.234492      -16.98918048 
 0.250125      -17.14162745 
 0.265758      -17.29039147 
 0.281390      -17.43537273 
 0.297023      -17.46330763 
 0.312656      -17.37589002 
 0.328289      -17.28431268 
 0.343922      -17.18868787 
 0.359555      -17.08924949 
 0.375187      -16.98689181 
 0.390820      -16.90309896 
 &&
 0.000000      -15.55935372 
 0.015633      -15.59709943 
 0.031266      -15.69769043 
 0.046898      -15.83756093 
 0.062531      -15.99874655 
 0.078164      -16.17082535 
 0.093797      -16.25429690 
 0.109430      -16.22622093 
 0.125062      -16.19394820 
 0.140695      -16.15753243 
 0.156328      -16.17744653 
 0.171961      -16.34568936 
 0.187594      -16.51124560 
 0.203226      -16.67382186 
 0.218859      -16.83319223 
 0.234492      -16.98917586 
 0.250125      -17.14162330 
 0.265758      -17.29039080 
 0.281390      -17.43537026 
 0.297023      -17.46330728 
 0.312656      -17.37588964 
 0.328289      -17.28431225 
 0.343922      -17.18868736 
 0.359555      -17.08924881 
 0.375187      -16.98689064 
 0.390820      -16.90309477 
 &&
 0.000000      -14.71456362 
 0.015633      -14.75293621 
 0.031266      -14.85371676 
 0.046898      -14.99167359 
 0.062531      -15.14902794 
 0.078164      -15.31611213 
 0.093797      -15.48778018 
 0.109430      -15.66117030 
 0.125062      -15.83457088 
 0.140695      -16.00690550 
 0.156328      -16.14443527 
 0.171961      -16.10086769 
 0.187594      -16.05359979 
 0.203226      -16.00280204 
 0.218859      -15.94871104 
 0.234492      -15.89162813 
 0.250125      -15.83194531 
 0.265758      -15.88195555 
 0.281390      -16.01705108 
 0.297023      -16.14939936 
 0.312656      -16.27872153 
 0.328289      -16.40478077 
 0.343922      -16.52734003 
 0.359555      -16.64607266 
 0.375187      -16.76001078 
 0.390820      -16.84764448 
 &&
 0.000000      -14.71455422 
 0.015633      -14.75292892 
 0.031266      -14.85370939 
 0.046898      -14.99166622 
 0.062531      -15.14902480 
 0.078164      -15.31611046 
 0.093797      -15.48777865 
 0.109430      -15.66116775 
 0.125062      -15.83456655 
 0.140695      -16.00690217 
 0.156328      -16.11705209 
 0.171961      -16.07260173 
 0.187594      -16.02430479 
 0.203226      -15.97230622 
 0.218859      -15.91681241 
 0.234492      -15.85808338 
 0.250125      -15.79646815 
 0.265758      -15.88195548 
 0.281390      -16.01705106 
 0.297023      -16.14939934 
 0.312656      -16.27872152 
 0.328289      -16.40478070 
 0.343922      -16.52733987 
 0.359555      -16.64607234 
 0.375187      -16.76000998 
 0.390820      -16.84764065 
 &&
 0.000000      -14.64911498 
 0.015633      -14.60762214 
 0.031266      -14.49573805 
 0.046898      -14.33718545 
 0.062531      -14.30742707 
 0.078164      -14.36272350 
 0.093797      -14.43849080 
 0.109430      -14.53398153 
 0.125062      -14.64588964 
 0.140695      -14.76995518 
 0.156328      -14.90229322 
 0.171961      -15.03983552 
 0.187594      -15.18031203 
 0.203226      -15.32206985 
 0.218859      -15.46389985 
 0.234492      -15.60491229 
 0.250125      -15.74444247 
 0.265758      -15.77020887 
 0.281390      -15.70716856 
 0.297023      -15.64386443 
 0.312656      -15.58178650 
 0.328289      -15.52302248 
 0.343922      -15.47049387 
 0.359555      -15.42801537 
 0.375187      -15.39994889 
 0.390820      -15.39006473 
 &&
 0.000000      -14.38431690 
 0.015633      -14.34338145 
 0.031266      -14.24756207 
 0.046898      -14.27033310 
 0.062531      -14.30742699 
 0.078164      -14.36272340 
 0.093797      -14.43849068 
 0.109430      -14.53398140 
 0.125062      -14.64588951 
 0.140695      -14.76995506 
 0.156328      -14.90229309 
 0.171961      -15.03983539 
 0.187594      -15.18031191 
 0.203226      -15.32206973 
 0.218859      -15.46389974 
 0.234492      -15.60491220 
 0.250125      -15.74444238 
 0.265758      -15.73245206 
 0.281390      -15.66671164 
 0.297023      -15.60022178 
 0.312656      -15.53439358 
 0.328289      -15.47132161 
 0.343922      -15.41408935 
 0.359555      -15.36700475 
 0.375187      -15.33537221 
 0.390820      -15.32411563 
 &&
 0.000000      -14.38430082 
 0.015633      -14.34336539 
 0.031266      -14.24756203 
 0.046898      -14.27033303 
 0.062531      -14.15012057 
 0.078164      -13.94518246 
 0.093797      -13.72826205 
 0.109430      -13.64981053 
 0.125062      -13.65344625 
 0.140695      -13.64303886 
 0.156328      -13.62104296 
 0.171961      -13.58947194 
 0.187594      -13.54980683 
 0.203226      -13.50309165 
 0.218859      -13.45007298 
 0.234492      -13.49799082 
 0.250125      -13.63174047 
 0.265758      -13.76073670 
 0.281390      -13.88412548 
 0.297023      -14.00083320 
 0.312656      -14.10930623 
 0.328289      -14.20737081 
 0.343922      -14.29187060 
 0.359555      -14.35846224 
 0.375187      -14.40178139 
 0.390820      -14.41690174 
 &&
 0.000000      -14.23172380 
 0.015633      -14.23548357 
 0.031266      -14.23315300 
 0.046898      -14.07724767 
 0.062531      -13.89367383 
 0.078164      -13.69292097 
 0.093797      -13.62984985 
 0.109430      -13.64981049 
 0.125062      -13.65344619 
 0.140695      -13.64303879 
 0.156328      -13.62104288 
 0.171961      -13.58947186 
 0.187594      -13.54980674 
 0.203226      -13.50309155 
 0.218859      -13.45007287 
 0.234492      -13.49271983 
 0.250125      -13.62422085 
 0.265758      -13.75065288 
 0.281390      -13.87109673 
 0.297023      -13.98439022 
 0.312656      -14.08893148 
 0.328289      -14.18253312 
 0.343922      -14.26221226 
 0.359555      -14.32410804 
 0.375187      -14.36381411 
 0.390820      -14.37753268 
 &&
 0.000000      -14.23172376 
 0.015633      -14.23548353 
 0.031266      -14.23313697 
 0.046898      -14.07723166 
 0.062531      -13.89365784 
 0.078164      -13.69290500 
 0.093797      -13.62984982 
 0.109430      -13.50272481 
 0.125062      -13.27061279 
 0.140695      -13.03325064 
 0.156328      -12.79158868 
 0.171961      -12.92985253 
 0.187594      -13.07485368 
 0.203226      -13.21892005 
 0.218859      -13.36018196 
 0.234492      -13.39128919 
 0.250125      -13.32712352 
 0.265758      -13.25788116 
 0.281390      -13.18379634 
 0.297023      -13.10506689 
 0.312656      -13.02186492 
 0.328289      -12.93433001 
 0.343922      -12.84265161 
 0.359555      -12.74709122 
 0.375187      -12.64848947 
 0.390820      -12.56672653 
 &&
 0.000000      -13.71923598 
 0.015633      -13.67963372 
 0.031266      -13.57520458 
 0.046898      -13.48533016 
 0.062531      -13.54233634 
 0.078164      -13.59299754 
 0.093797      -13.48079832 
 0.109430      -13.26065660 
 0.125062      -13.03453051 
 0.140695      -12.80376984 
 0.156328      -12.78309317 
 0.171961      -12.92830263 
 0.187594      -13.07475801 
 0.203226      -13.21740789 
 0.218859      -13.35689838 
 0.234492      -13.39128907 
 0.250125      -13.32712340 
 0.265758      -13.25788103 
 0.281390      -13.18379611 
 0.297023      -13.10506672 
 0.312656      -13.02186473 
 0.328289      -12.93432977 
 0.343922      -12.84265129 
 0.359555      -12.74709076 
 0.375187      -12.64848860 
 0.390820      -12.56672284 
 &&
 0.000000      -13.71923376 
 0.015633      -13.67962974 
 0.031266      -13.57520393 
 0.046898      -13.48533011 
 0.062531      -13.54233632 
 0.078164      -13.59299754 
 0.093797      -13.48078237 
 0.109430      -13.26064066 
 0.125062      -13.03451458 
 0.140695      -12.80375394 
 0.156328      -12.78021957 
 0.171961      -12.54629527 
 0.187594      -12.29794266 
 0.203226      -12.04700946 
 0.218859      -11.79395205 
 0.234492      -11.53921845 
 0.250125      -11.45305654 
 0.265758      -11.58565651 
 0.281390      -11.71573972 
 0.297023      -11.84310473 
 0.312656      -11.96752444 
 0.328289      -12.08881802 
 0.343922      -12.20677434 
 0.359555      -12.32109835 
 0.375187      -12.43092919 
 0.390820      -12.51638226 
 &&
 0.000000      -13.38126163 
 0.015633      -13.39490768 
 0.031266      -13.43249282 
 0.046898      -13.43137506 
 0.062531      -13.26623122 
 0.078164      -13.08991374 
 0.093797      -12.90817080 
 0.109430      -12.72461210 
 0.125062      -12.54181240 
 0.140695      -12.63535728 
 0.156328      -12.56935053 
 0.171961      -12.33201138 
 0.187594      -12.09237201 
 0.203226      -11.85098224 
 0.218859      -11.60837755 
 0.234492      -11.41307534 
 0.250125      -11.45305647 
 0.265758      -11.58565642 
 0.281390      -11.71573960 
 0.297023      -11.84310461 
 0.312656      -11.96752429 
 0.328289      -12.08881783 
 0.343922      -12.20677407 
 0.359555      -12.32109794 
 0.375187      -12.43092836 
 0.390820      -12.51637862 
 &&
 0.000000      -13.38126154 
 0.015633      -13.39490760 
 0.031266      -13.43249275 
 0.046898      -13.43137074 
 0.062531      -13.26622602 
 0.078164      -13.08991221 
 0.093797      -12.90816750 
 0.109430      -12.72461047 
 0.125062      -12.54180660 
 0.140695      -12.63127626 
 0.156328      -12.56933464 
 0.171961      -12.33199551 
 0.187594      -12.09235617 
 0.203226      -11.85096643 
 0.218859      -11.60836178 
 0.234492      -11.41302693 
 0.250125      -11.28326230 
 0.265758      -11.15268624 
 0.281390      -11.02965236 
 0.297023      -10.90987885 
 0.312656      -10.79230527 
 0.328289      -10.67606415 
 0.343922      -10.56047893 
 0.359555      -10.44512107 
 0.375187      -10.33030765 
 0.390820      -10.23747742 
 &&
 0.000000      -11.64308894 
 0.015633      -11.66317010 
 0.031266      -11.72457027 
 0.046898      -11.81701661 
 0.062531      -11.93128924 
 0.078164      -12.05998601 
 0.093797      -12.19783262 
 0.109430      -12.34121376 
 0.125062      -12.48764116 
 0.140695      -12.36182069 
 0.156328      -12.18637330 
 0.171961      -12.01687982 
 0.187594      -11.85442737 
 0.203226      -11.69964636 
 0.218859      -11.55265594 
 0.234492      -11.36509468 
 0.250125      -11.28010461 
 0.265758      -11.15262279 
 0.281390      -11.02958677 
 0.297023      -10.90980317 
 0.312656      -10.79222734 
 0.328289      -10.67598739 
 0.343922      -10.56039834 
 0.359555      -10.44503924 
 0.375187      -10.33022565 
 0.390820      -10.23740500 
 &&
 0.000000      -11.64308874 
 0.015633      -11.65400500 
 0.031266      -11.71550284 
 0.046898      -11.80819674 
 0.062531      -11.92289290 
 0.078164      -12.05218319 
 0.093797      -12.19077217 
 0.109430      -12.33503339 
 0.125062      -12.48245246 
 0.140695      -12.36181413 
 0.156328      -12.18635555 
 0.171961      -12.01686109 
 0.187594      -11.85440488 
 0.203226      -11.69961210 
 0.218859      -11.55261570 
 0.234492      -11.36507897 
 0.250125      -11.28004752 
 0.265758      -11.02659027 
 0.281390      -10.76978096 
 0.297023      -10.51354034 
 0.312656      -10.25871166 
 0.328289      -10.00640066 
 0.343922       -9.85049027 
 0.359555       -9.97057562 
 0.375187      -10.08833319 
 0.390820      -10.18208526 
 &&
 0.000000      -11.64146205 
 0.015633      -11.62136208 
 0.031266      -11.55871944 
 0.046898      -11.46154476 
 0.062531      -11.33735540 
 0.078164      -11.19293824 
 0.093797      -11.03365679 
 0.109430      -10.86351924 
 0.125062      -10.68554131 
 0.140695      -10.59109040 
 0.156328      -10.62146687 
 0.171961      -10.76240185 
 0.187594      -10.90304310 
 0.203226      -11.04283937 
 0.218859      -11.18134528 
 0.234492      -11.31818925 
 0.250125      -11.12167182 
 0.265758      -10.87870214 
 0.281390      -10.63685456 
 0.297023      -10.39686301 
 0.312656      -10.15958925 
 0.328289       -9.92604603 
 0.343922       -9.85037373 
 0.359555       -9.97045942 
 0.375187      -10.08821578 
 0.390820      -10.18193923 
 &&
 0.000000      -11.63227682 
 0.015633      -11.62136189 
 0.031266      -11.55871924 
 0.046898      -11.46154456 
 0.062531      -11.33735518 
 0.078164      -11.19293802 
 0.093797      -11.03365655 
 0.109430      -10.86351899 
 0.125062      -10.68554105 
 0.140695      -10.59095786 
 0.156328      -10.62146684 
 0.171961      -10.76240181 
 0.187594      -10.90304306 
 0.203226      -11.04283933 
 0.218859      -11.18134523 
 0.234492      -11.31818919 
 0.250125      -11.12165617 
 0.265758      -10.87868658 
 0.281390      -10.63683910 
 0.297023      -10.39684767 
 0.312656      -10.15957406 
 0.328289       -9.92603102 
 0.343922       -9.75809753 
 0.359555       -9.51598491 
 0.375187       -9.28353105 
 0.390820       -9.08936590 
 &&
 0.000000      -10.94541095 
 0.015633      -10.94139481 
 0.031266      -10.92928960 
 0.046898      -10.90895523 
 0.062531      -10.88010805 
 0.078164      -10.84239217 
 0.093797      -10.79530015 
 0.109430      -10.73820739 
 0.125062      -10.67039660 
 0.140695      -10.50205192 
 0.156328      -10.49952364 
 0.171961      -10.39501960 
 0.187594      -10.27716465 
 0.203226      -10.14593364 
 0.218859      -10.00178617 
 0.234492       -9.84571404 
 0.250125       -9.67912150 
 0.265758       -9.50371037 
 0.281390       -9.35717186 
 0.297023       -9.48195058 
 0.312656       -9.60596852 
 0.328289       -9.72887983 
 0.343922       -9.69745153 
 0.359555       -9.47540678 
 0.375187       -9.26227320 
 0.390820       -9.08535931 
 &&
 0.000000      -10.94527003 
 0.015633      -10.94125778 
 0.031266      -10.92916367 
 0.046898      -10.90882666 
 0.062531      -10.87995923 
 0.078164      -10.84224433 
 0.093797      -10.79514886 
 0.109430      -10.73804878 
 0.125062      -10.67025427 
 0.140695      -10.50205156 
 0.156328      -10.49939322 
 0.171961      -10.39489824 
 0.187594      -10.27704642 
 0.203226      -10.14579756 
 0.218859      -10.00165460 
 0.234492       -9.84560106 
 0.250125       -9.67901154 
 0.265758       -9.50361428 
 0.281390       -9.35705029 
 0.297023       -9.48182412 
 0.312656       -9.60584497 
 0.328289       -9.72876392 
 0.343922       -9.69743674 
 0.359555       -9.47539224 
 0.375187       -9.26225893 
 0.390820       -9.08534526 
 &&
 0.000000      -10.19047366 
 0.015633      -10.16829930 
 0.031266      -10.10546228 
 0.046898      -10.01068788 
 0.062531       -9.89331809 
 0.078164       -9.94468590 
 0.093797      -10.07160557 
 0.109430      -10.20462921 
 0.125062      -10.34157008 
 0.140695      -10.48078467 
 0.156328      -10.31450089 
 0.171961      -10.12467639 
 0.187594       -9.93364585 
 0.203226       -9.74249336 
 0.218859       -9.55220485 
 0.234492       -9.36373031 
 0.250125       -9.17797125 
 0.265758       -9.23143027 
 0.281390       -9.32112989 
 0.297023       -9.13382876 
 0.312656       -8.94316076 
 0.328289       -8.75106477 
 0.343922       -8.56381167 
 0.359555       -8.69219179 
 0.375187       -8.86311618 
 0.390820       -9.03246439 
 &&
 0.000000      -10.16118745 
 0.015633      -10.13896382 
 0.031266      -10.07596187 
 0.046898       -9.98086785 
 0.062531       -9.86296781 
 0.078164       -9.94468589 
 0.093797      -10.07160556 
 0.109430      -10.20462921 
 0.125062      -10.34157007 
 0.140695      -10.48078462 
 0.156328      -10.31450060 
 0.171961      -10.12467608 
 0.187594       -9.93364552 
 0.203226       -9.74249300 
 0.218859       -9.55220447 
 0.234492       -9.36372987 
 0.250125       -9.17797076 
 0.265758       -9.23131093 
 0.281390       -9.32103981 
 0.297023       -9.13373751 
 0.312656       -8.94306344 
 0.328289       -8.75096523 
 0.343922       -8.55931547 
 0.359555       -8.69217835 
 0.375187       -8.86310256 
 0.390820       -9.02594014 
 &&
 0.000000       -9.56446649 
 0.015633       -9.58403522 
 0.031266       -9.63945346 
 0.046898       -9.72312263 
 0.062531       -9.82700444 
 0.078164       -9.76097321 
 0.093797       -9.61914384 
 0.109430       -9.47171788 
 0.125062       -9.32154251 
 0.140695       -9.17067880 
 0.156328       -9.02092511 
 0.171961       -8.88978630 
 0.187594       -8.83562647 
 0.203226       -8.77844706 
 0.218859       -8.85480586 
 0.234492       -8.97988670 
 0.250125       -9.10560068 
 0.265758       -8.99582141 
 0.281390       -8.81822783 
 0.297023       -8.64611224 
 0.312656       -8.48043200 
 0.328289       -8.48562649 
 0.343922       -8.55923310 
 0.359555       -8.69118498 
 0.375187       -8.85919892 
 0.390820       -9.02592634 
 &&
 0.000000       -9.56446646 
 0.015633       -9.58403519 
 0.031266       -9.63945343 
 0.046898       -9.72312261 
 0.062531       -9.82700443 
 0.078164       -9.72990413 
 0.093797       -9.58718747 
 0.109430       -9.43876110 
 0.125062       -9.28745423 
 0.140695       -9.13540904 
 0.156328       -8.98438151 
 0.171961       -8.87365453 
 0.187594       -8.73016726 
 0.203226       -8.73098438 
 0.218859       -8.85467138 
 0.234492       -8.97975670 
 0.250125       -9.10547312 
 0.265758       -8.99582089 
 0.281390       -8.81822720 
 0.297023       -8.64611159 
 0.312656       -8.48043123 
 0.328289       -8.42222436 
 0.343922       -8.54313562 
 0.359555       -8.36973204 
 0.375187       -8.18436588 
 0.390820       -8.02420836 
 &&
 0.000000       -9.19180958 
 0.015633       -9.18922677 
 0.031266       -9.18148398 
 0.046898       -9.16860179 
 0.062531       -9.15060916 
 0.078164       -9.12757551 
 0.093797       -9.09956475 
 0.109430       -9.06668163 
 0.125062       -9.02905492 
 0.140695       -8.98686728 
 0.156328       -8.94033872 
 0.171961       -8.83577928 
 0.187594       -8.69092082 
 0.203226       -8.73086062 
 0.218859       -8.71907485 
 0.234492       -8.65872853 
 0.250125       -8.59923189 
 0.265758       -8.54340779 
 0.281390       -8.49567004 
 0.297023       -8.46293538 
 0.312656       -8.45540075 
 0.328289       -8.42221124 
 0.343922       -8.54312248 
 0.359555       -8.36965128 
 0.375187       -8.18429334 
 0.390820       -8.02401717 
 &&
 0.000000       -8.78722754 
 0.015633       -8.78480229 
 0.031266       -8.77753033 
 0.046898       -8.76545306 
 0.062531       -8.74861557 
 0.078164       -8.72713913 
 0.093797       -8.70113023 
 0.109430       -8.67076774 
 0.125062       -8.63628803 
 0.140695       -8.59799591 
 0.156328       -8.55634857 
 0.171961       -8.51192640 
 0.187594       -8.60921160 
 0.203226       -8.59161081 
 0.218859       -8.45911486 
 0.234492       -8.33373125 
 0.250125       -8.29280539 
 0.265758       -8.26833178 
 0.281390       -8.26224667 
 0.297023       -8.28215422 
 0.312656       -8.33456393 
 0.328289       -8.32216919 
 0.343922       -8.17234016 
 0.359555       -8.03204778 
 0.375187       -7.90287598 
 0.390820       -7.97934244 
 &&
 0.000000       -8.78721352 
 0.015633       -8.78478826 
 0.031266       -8.77751629 
 0.046898       -8.76543900 
 0.062531       -8.74860148 
 0.078164       -8.72712500 
 0.093797       -8.70111603 
 0.109430       -8.67075347 
 0.125062       -8.63627368 
 0.140695       -8.59798147 
 0.156328       -8.55633405 
 0.171961       -8.51191181 
 0.187594       -8.60908903 
 0.203226       -8.55101558 
 0.218859       -8.41714645 
 0.234492       -8.32904675 
 0.250125       -8.29279103 
 0.265758       -8.26831763 
 0.281390       -8.26223279 
 0.297023       -8.28214067 
 0.312656       -8.33455066 
 0.328289       -8.32216825 
 0.343922       -8.17233894 
 0.359555       -8.03204599 
 0.375187       -7.90287257 
 0.390820       -7.97933483 
 &&
 0.000000       -8.76534282 
 0.015633       -8.76284374 
 0.031266       -8.75534464 
 0.046898       -8.74284964 
 0.062531       -8.72535246 
 0.078164       -8.70287789 
 0.093797       -8.67542164 
 0.109430       -8.64298909 
 0.125062       -8.60559834 
 0.140695       -8.56325936 
 0.156328       -8.51597107 
 0.171961       -8.49043640 
 0.187594       -8.46555433 
 0.203226       -8.41837540 
 0.218859       -8.37206720 
 0.234492       -8.32903224 
 0.250125       -8.21645581 
 0.265758       -8.10828025 
 0.281390       -8.01017240 
 0.297023       -7.92302998 
 0.312656       -7.84767862 
 0.328289       -7.78488246 
 0.343922       -7.73525176 
 0.359555       -7.69932783 
 0.375187       -7.82732199 
 0.390820       -7.80534029 
 &&
 0.000000       -8.76533053 
 0.015633       -8.76283145 
 0.031266       -8.75533234 
 0.046898       -8.74283733 
 0.062531       -8.72534011 
 0.078164       -8.70286551 
 0.093797       -8.67540921 
 0.109430       -8.64297661 
 0.125062       -8.60558578 
 0.140695       -8.56324672 
 0.156328       -8.51595838 
 0.171961       -8.49031429 
 0.187594       -8.46553972 
 0.203226       -8.41836078 
 0.218859       -8.37205262 
 0.234492       -8.29040806 
 0.250125       -8.17183722 
 0.265758       -8.06242537 
 0.281390       -7.96317442 
 0.297023       -7.87497902 
 0.312656       -7.79868355 
 0.328289       -7.73506697 
 0.343922       -7.68477799 
 0.359555       -7.66588600 
 0.375187       -7.82724852 
 0.390820       -7.80532476 
 &&
 0.000000       -8.38746356 
 0.015633       -8.37046483 
 0.031266       -8.32264351 
 0.046898       -8.25178628 
 0.062531       -8.16606403 
 0.078164       -8.07217417 
 0.093797       -7.99572139 
 0.109430       -8.07461684 
 0.125062       -8.16588871 
 0.140695       -8.26706739 
 0.156328       -8.37588757 
 0.171961       -8.46374116 
 0.187594       -8.40657704 
 0.203226       -8.34447496 
 0.218859       -8.27743604 
 0.234492       -8.20546906 
 0.250125       -8.12856704 
 0.265758       -8.04673116 
 0.281390       -7.95993740 
 0.297023       -7.86818736 
 0.312656       -7.77147127 
 0.328289       -7.66977176 
 0.343922       -7.56310833 
 0.359555       -7.66582290 
 0.375187       -7.67748932 
 0.390820       -7.75532988 
 &&
 0.000000       -8.38746351 
 0.015633       -8.37046478 
 0.031266       -8.32264346 
 0.046898       -8.25178622 
 0.062531       -8.16606396 
 0.078164       -8.07217409 
 0.093797       -7.99561167 
 0.109430       -8.07449692 
 0.125062       -8.16577359 
 0.140695       -8.26694928 
 0.156328       -8.37576877 
 0.171961       -8.46372841 
 0.187594       -8.40656427 
 0.203226       -8.34446218 
 0.218859       -8.27742328 
 0.234492       -8.20545635 
 0.250125       -8.12855439 
 0.265758       -8.04671861 
 0.281390       -7.95992497 
 0.297023       -7.86817508 
 0.312656       -7.77145918 
 0.328289       -7.66975990 
 0.343922       -7.56309672 
 0.359555       -7.64839574 
 0.375187       -7.67038876 
 0.390820       -7.75531452 
 &&
 0.000000       -7.81230643 
 0.015633       -7.81591713 
 0.031266       -7.82741836 
 0.046898       -7.84879250 
 0.062531       -7.88268966 
 0.078164       -7.93141394 
 0.093797       -7.97497818 
 0.109430       -7.87796827 
 0.125062       -7.78376005 
 0.140695       -7.69434640 
 0.156328       -7.61140495 
 0.171961       -7.53631636 
 0.187594       -7.47032087 
 0.203226       -7.41450903 
 0.218859       -7.36993843 
 0.234492       -7.33749368 
 0.250125       -7.31795971 
 0.265758       -7.31200476 
 0.281390       -7.32015123 
 0.297023       -7.34275237 
 0.312656       -7.37997667 
 0.328289       -7.43176623 
 0.343922       -7.51697607 
 0.359555       -7.57784886 
 0.375187       -7.67038553 
 0.390820       -7.66996775 
 &&
 0.000000       -7.81221488 
 0.015633       -7.81582264 
 0.031266       -7.82731819 
 0.046898       -7.84868438 
 0.062531       -7.88258680 
 0.078164       -7.93130046 
 0.093797       -7.97497809 
 0.109430       -7.87796817 
 0.125062       -7.78375994 
 0.140695       -7.69434626 
 0.156328       -7.61140481 
 0.171961       -7.53631620 
 0.187594       -7.47032070 
 0.203226       -7.41450884 
 0.218859       -7.36993821 
 0.234492       -7.33749343 
 0.250125       -7.31795943 
 0.265758       -7.31200442 
 0.281390       -7.32015095 
 0.297023       -7.34275190 
 0.312656       -7.37997608 
 0.328289       -7.43176547 
 0.343922       -7.51689707 
 0.359555       -7.57784727 
 0.375187       -7.62625789 
 0.390820       -7.61865203 
 &&
 0.000000       -7.65643665 
 0.015633       -7.65403110 
 0.031266       -7.64680176 
 0.046898       -7.63476223 
 0.062531       -7.61791985 
 0.078164       -7.59630233 
 0.093797       -7.56993211 
 0.109430       -7.53883770 
 0.125062       -7.50305634 
 0.140695       -7.46262526 
 0.156328       -7.41760141 
 0.171961       -7.36803625 
 0.187594       -7.31398597 
 0.203226       -7.25553035 
 0.218859       -7.19274325 
 0.234492       -7.12572617 
 0.250125       -7.09806960 
 0.265758       -7.10093153 
 0.281390       -7.12913744 
 0.297023       -7.18653645 
 0.312656       -7.27281793 
 0.328289       -7.38450569 
 0.343922       -7.49788186 
 0.359555       -7.45159401 
 0.375187       -7.33570838 
 0.390820       -7.23254761 
 &&
 0.000000       -7.29471547 
 0.015633       -7.29934864 
 0.031266       -7.31192442 
 0.046898       -7.32883150 
 0.062531       -7.34513232 
 0.078164       -7.35608796 
 0.093797       -7.35859451 
 0.109430       -7.35169157 
 0.125062       -7.33593524 
 0.140695       -7.31263612 
 0.156328       -7.28330761 
 0.171961       -7.24956050 
 0.187594       -7.21316854 
 0.203226       -7.17631048 
 0.218859       -7.14189822 
 0.234492       -7.11398248 
 0.250125       -7.09794858 
 0.265758       -7.10081134 
 0.281390       -7.12901790 
 0.297023       -7.18643995 
 0.312656       -7.27274609 
 0.328289       -7.38443186 
 0.343922       -7.49788083 
 0.359555       -7.45158269 
 0.375187       -7.33569737 
 0.390820       -7.23253682 
 &&
 0.000000       -7.29451007 
 0.015633       -7.29913952 
 0.031266       -7.31171810 
 0.046898       -7.32863090 
 0.062531       -7.34493678 
 0.078164       -7.35590602 
 0.093797       -7.35842826 
 0.109430       -7.35152248 
 0.125062       -7.33577375 
 0.140695       -7.31247858 
 0.156328       -7.28315396 
 0.171961       -7.24940521 
 0.187594       -7.21301362 
 0.203226       -7.17615581 
 0.218859       -7.14175599 
 0.234492       -7.11385193 
 0.250125       -7.05455700 
 0.265758       -6.97936644 
 0.281390       -6.90026539 
 0.297023       -6.92790301 
 0.312656       -7.00300336 
 0.328289       -7.11585380 
 0.343922       -7.17911451 
 0.359555       -7.19112820 
 0.375187       -7.16012993 
 0.390820       -7.19244930 
 &&
 0.000000       -5.99978368 
 0.015633       -5.99597538 
 0.031266       -5.98506144 
 0.046898       -5.96884339 
 0.062531       -5.94976934 
 0.078164       -5.93051575 
 0.093797       -5.91364705 
 0.109430       -5.90142330 
 0.125062       -5.89567369 
 0.140695       -5.89776156 
 0.156328       -5.92544486 
 0.171961       -6.04660844 
 0.187594       -6.17069212 
 0.203226       -6.29638062 
 0.218859       -6.42199771 
 0.234492       -6.54525428 
 0.250125       -6.66287005 
 0.265758       -6.77018187 
 0.281390       -6.86093555 
 0.297023       -6.92789643 
 0.312656       -6.96496520 
 0.328289       -6.97012869 
 0.343922       -6.94946321 
 0.359555       -6.96926713 
 0.375187       -7.08606517 
 0.390820       -7.19243857 
 &&
 0.000000       -5.99977725 
 0.015633       -5.99597398 
 0.031266       -5.98505973 
 0.046898       -5.96884320 
 0.062531       -5.94975286 
 0.078164       -5.93049838 
 0.093797       -5.91361942 
 0.109430       -5.90141378 
 0.125062       -5.89567078 
 0.140695       -5.89774376 
 0.156328       -5.92544099 
 0.171961       -6.04660547 
 0.187594       -6.17069009 
 0.203226       -6.29637960 
 0.218859       -6.42199765 
 0.234492       -6.54525306 
 0.250125       -6.66286757 
 0.265758       -6.77017804 
 0.281390       -6.86093032 
 0.297023       -6.85129891 
 0.312656       -6.96495754 
 0.328289       -6.97012064 
 0.343922       -6.94945774 
 0.359555       -6.96925685 
 0.375187       -7.08605443 
 0.390820       -7.11289926 
 &&
 0.000000       -5.52005320 
 0.015633       -5.51754522 
 0.031266       -5.51002384 
 0.046898       -5.49753253 
 0.062531       -5.48010702 
 0.078164       -5.45784317 
 0.093797       -5.49311752 
 0.109430       -5.59101256 
 0.125062       -5.69652130 
 0.140695       -5.80837039 
 0.156328       -5.90857906 
 0.171961       -5.92839111 
 0.187594       -5.95683741 
 0.203226       -5.99269069 
 0.218859       -6.03363356 
 0.234492       -6.08088152 
 0.250125       -6.28232839 
 0.265758       -6.48173351 
 0.281390       -6.67393757 
 0.297023       -6.81739456 
 0.312656       -6.73089681 
 0.328289       -6.66409341 
 0.343922       -6.79765941 
 0.359555       -6.89559145 
 0.375187       -7.00058796 
 0.390820       -7.07157390 
 &&
 0.000000       -5.52005314 
 0.015633       -5.51754517 
 0.031266       -5.51002378 
 0.046898       -5.49753247 
 0.062531       -5.48010697 
 0.078164       -5.45784311 
 0.093797       -5.49310998 
 0.109430       -5.59100601 
 0.125062       -5.69651567 
 0.140695       -5.80836564 
 0.156328       -5.90854707 
 0.171961       -5.92835469 
 0.187594       -5.95679618 
 0.203226       -5.99263993 
 0.218859       -6.03359258 
 0.234492       -6.07587740 
 0.250125       -6.11385350 
 0.265758       -6.14053903 
 0.281390       -6.22770213 
 0.297023       -6.37560096 
 0.312656       -6.52169013 
 0.328289       -6.66408979 
 0.343922       -6.79765837 
 0.359555       -6.86021902 
 0.375187       -6.80019669 
 0.390820       -6.72954467 
 &&
 0.000000       -5.16995813 
 0.015633       -5.18069963 
 0.031266       -5.21195104 
 0.046898       -5.26142442 
 0.062531       -5.32639159 
 0.078164       -5.40433631 
 0.093797       -5.43082117 
 0.109430       -5.39915169 
 0.125062       -5.36296855 
 0.140695       -5.32241160 
 0.156328       -5.27761230 
 0.171961       -5.31583418 
 0.187594       -5.49656579 
 0.203226       -5.68556224 
 0.218859       -5.88104822 
 0.234492       -6.07583645 
 0.250125       -6.11380881 
 0.265758       -6.14047163 
 0.281390       -6.22770044 
 0.297023       -6.37559831 
 0.312656       -6.52168671 
 0.328289       -6.64743167 
 0.343922       -6.77672594 
 0.359555       -6.86020445 
 0.375187       -6.80018193 
 0.390820       -6.72953023 
 &&
 0.000000       -5.16994470 
 0.015633       -5.18068656 
 0.031266       -5.21193886 
 0.046898       -5.26141342 
 0.062531       -5.32638181 
 0.078164       -5.40432770 
 0.093797       -5.43082111 
 0.109430       -5.39915163 
 0.125062       -5.36296848 
 0.140695       -5.32241153 
 0.156328       -5.27761222 
 0.171961       -5.27870450 
 0.187594       -5.39372471 
 0.203226       -5.51812394 
 0.218859       -5.65049593 
 0.234492       -5.78931715 
 0.250125       -5.93291307 
 0.265758       -6.07959650 
 0.281390       -6.21423789 
 0.297023       -6.36498834 
 0.312656       -6.50972370 
 0.328289       -6.64097081 
 0.343922       -6.54781638 
 0.359555       -6.48673537 
 0.375187       -6.60149353 
 0.390820       -6.68710774 
 &&
 0.000000       -4.76640879 
 0.015633       -4.76804416 
 0.031266       -4.77367646 
 0.046898       -4.78541357 
 0.062531       -4.80554257 
 0.078164       -4.83607839 
 0.093797       -4.87837680 
 0.109430       -4.93322224 
 0.125062       -5.00094125 
 0.140695       -5.08141809 
 0.156328       -5.17426182 
 0.171961       -5.27869953 
 0.187594       -5.39372053 
 0.203226       -5.51812062 
 0.218859       -5.65049352 
 0.234492       -5.78931571 
 0.250125       -5.93291266 
 0.265758       -6.07959586 
 0.281390       -6.14889259 
 0.297023       -6.13443044 
 0.312656       -6.09671708 
 0.328289       -6.22925863 
 0.343922       -6.36199619 
 0.359555       -6.48672084 
 0.375187       -6.60147903 
 0.390820       -6.68709315 
 &&
 0.000000       -4.76639431 
 0.015633       -4.76803001 
 0.031266       -4.77366318 
 0.046898       -4.78540142 
 0.062531       -4.80553158 
 0.078164       -4.83606848 
 0.093797       -4.87836786 
 0.109430       -4.93321417 
 0.125062       -5.00093399 
 0.140695       -5.08141159 
 0.156328       -5.17425607 
 0.171961       -5.22870602 
 0.187594       -5.22457228 
 0.203226       -5.39625986 
 0.218859       -5.56619980 
 0.234492       -5.73363766 
 0.250125       -5.89789619 
 0.265758       -6.05831488 
 0.281390       -6.14880259 
 0.297023       -6.13433151 
 0.312656       -6.09661838 
 0.328289       -6.22924401 
 0.343922       -6.36198162 
 0.359555       -6.45173270 
 0.375187       -6.35349348 
 0.390820       -6.27056298 
 &&
 0.000000       -4.24704371 
 0.015633       -4.25681294 
 0.031266       -4.28594804 
 0.046898       -4.33414992 
 0.062531       -4.40092944 
 0.078164       -4.48563534 
 0.093797       -4.58742765 
 0.109430       -4.70540613 
 0.125062       -4.83843974 
 0.140695       -4.98535999 
 0.156328       -5.14492948 
 0.171961       -5.22870593 
 0.187594       -5.17581339 
 0.203226       -5.11901265 
 0.218859       -5.14863783 
 0.234492       -5.31485148 
 0.250125       -5.47808262 
 0.265758       -5.63774470 
 0.281390       -5.79327749 
 0.297023       -5.94413022 
 0.312656       -6.08968457 
 0.328289       -6.03843397 
 0.343922       -5.96327965 
 0.359555       -6.03711189 
 0.375187       -6.14246376 
 0.390820       -6.22771956 
 &&
 0.000000       -4.15165623 
 0.015633       -4.15721690 
 0.031266       -4.17375436 
 0.046898       -4.20107804 
 0.062531       -4.23880590 
 0.078164       -4.28647056 
 0.093797       -4.34347864 
 0.109430       -4.40916282 
 0.125062       -4.54075902 
 0.140695       -4.70866480 
 0.156328       -4.87961372 
 0.171961       -5.05201102 
 0.187594       -5.17581330 
 0.203226       -5.11901255 
 0.218859       -5.14862290 
 0.234492       -5.31483659 
 0.250125       -5.47806777 
 0.265758       -5.63772989 
 0.281390       -5.79326272 
 0.297023       -5.94411549 
 0.312656       -6.08966989 
 0.328289       -6.03832606 
 0.343922       -5.96315518 
 0.359555       -5.87468134 
 0.375187       -5.77571195 
 0.390820       -5.68627914 
 &&
 0.000000       -3.68442924 
 0.015633       -3.70263769 
 0.031266       -3.75571183 
 0.046898       -3.83961691 
 0.062531       -3.94898521 
 0.078164       -4.07831486 
 0.093797       -4.22265414 
 0.109430       -4.37789401 
 0.125062       -4.48276222 
 0.140695       -4.56350766 
 0.156328       -4.65063758 
 0.171961       -4.74334644 
 0.187594       -4.84082364 
 0.203226       -4.98006815 
 0.218859       -5.05837100 
 0.234492       -5.15451722 
 0.250125       -5.26385252 
 0.265758       -5.37451888 
 0.281390       -5.48594432 
 0.297023       -5.59761340 
 0.312656       -5.70901765 
 0.328289       -5.81970511 
 0.343922       -5.92922663 
 0.359555       -5.87455271 
 0.375187       -5.77557557 
 0.390820       -5.68614548 
 &&
 0.000000       -3.49093569 
 0.015633       -3.48962571 
 0.031266       -3.48571977 
 0.046898       -3.47925187 
 0.062531       -3.54651224 
 0.078164       -3.67454422 
 0.093797       -3.81744540 
 0.109430       -3.97115765 
 0.125062       -4.13242955 
 0.140695       -4.29871898 
 0.156328       -4.46804817 
 0.171961       -4.63884284 
 0.187594       -4.80985418 
 0.203226       -4.98005318 
 0.218859       -5.05837088 
 0.234492       -4.99392565 
 0.250125       -4.92565935 
 0.265758       -4.85354890 
 0.281390       -4.77755739 
 0.297023       -4.87067042 
 0.312656       -5.01615728 
 0.328289       -5.15689523 
 0.343922       -5.29243815 
 0.359555       -5.42221373 
 0.375187       -5.54512023 
 0.390820       -5.64237526 
 &&
 0.000000       -3.45337668 
 0.015633       -3.45204670 
 0.031266       -3.44805370 
 0.046898       -3.44145098 
 0.062531       -3.54649688 
 0.078164       -3.67452891 
 0.093797       -3.81743014 
 0.109430       -3.97114243 
 0.125062       -4.13241438 
 0.140695       -4.29870386 
 0.156328       -4.46803309 
 0.171961       -4.63882780 
 0.187594       -4.80983917 
 0.203226       -4.94232954 
 0.218859       -5.04712974 
 0.234492       -4.99392552 
 0.250125       -4.92565920 
 0.265758       -4.85354872 
 0.281390       -4.77755718 
 0.297023       -4.87051935 
 0.312656       -5.01600971 
 0.328289       -5.15674509 
 0.343922       -5.29228710 
 0.359555       -5.42206088 
 0.375187       -5.54497359 
 0.390820       -5.64222621 
 &&
 0.000000       -3.28463515 
 0.015633       -3.30265504 
 0.031266       -3.35519118 
 0.046898       -3.43824459 
 0.062531       -3.47026556 
 0.078164       -3.45888810 
 0.093797       -3.44522279 
 0.109430       -3.42939062 
 0.125062       -3.41158536 
 0.140695       -3.39200274 
 0.156328       -3.41047400 
 0.171961       -3.58078898 
 0.187594       -3.75040570 
 0.203226       -3.91861242 
 0.218859       -4.08483361 
 0.234492       -4.24857700 
 0.250125       -4.40940538 
 0.265758       -4.56693392 
 0.281390       -4.72080241 
 0.297023       -4.69764283 
 0.312656       -4.61378670 
 0.328289       -4.52598790 
 0.343922       -4.43431459 
 0.359555       -4.33894900 
 0.375187       -4.24058543 
 0.390820       -4.15771610 
 &&
 0.000000       -3.28461966 
 0.015633       -3.30263956 
 0.031266       -3.35517573 
 0.046898       -3.43822918 
 0.062531       -3.43227611 
 0.078164       -3.42064054 
 0.093797       -3.40666473 
 0.109430       -3.39048138 
 0.125062       -3.37226831 
 0.140695       -3.35221992 
 0.156328       -3.41032443 
 0.171961       -3.58065804 
 0.187594       -3.75027212 
 0.203226       -3.91848078 
 0.218859       -4.08469087 
 0.234492       -4.24843463 
 0.250125       -4.40926531 
 0.265758       -4.56679862 
 0.281390       -4.72065210 
 0.297023       -4.69764258 
 0.312656       -4.61378639 
 0.328289       -4.52598749 
 0.343922       -4.43431400 
 0.359555       -4.33894806 
 0.375187       -4.24058347 
 0.390820       -4.15770648 
 &&
 0.000000       -2.14047336 
 0.015633       -2.16306154 
 0.031266       -2.22755766 
 0.046898       -2.32612846 
 0.062531       -2.44989188 
 0.078164       -2.59126225 
 0.093797       -2.74452131 
 0.109430       -2.90558084 
 0.125062       -3.07154674 
 0.140695       -3.24034537 
 0.156328       -3.37087516 
 0.171961       -3.34846655 
 0.187594       -3.32507757 
 0.203226       -3.30101257 
 0.218859       -3.27664100 
 0.234492       -3.25235201 
 0.250125       -3.22853469 
 0.265758       -3.20562041 
 0.281390       -3.32547067 
 0.297023       -3.44848841 
 0.312656       -3.56943130 
 0.328289       -3.68799815 
 0.343922       -3.80385575 
 0.359555       -3.91662588 
 0.375187       -4.02546034 
 0.390820       -4.11179000 
 &&
 0.000000       -2.14024037 
 0.015633       -2.16283279 
 0.031266       -2.22733870 
 0.046898       -2.32592511 
 0.062531       -2.44970581 
 0.078164       -2.59108595 
 0.093797       -2.74434839 
 0.109430       -2.90541226 
 0.125062       -3.07138395 
 0.140695       -3.24018920 
 0.156328       -3.33058672 
 0.171961       -3.30762536 
 0.187594       -3.28364973 
 0.203226       -3.25896790 
 0.218859       -3.23395001 
 0.234492       -3.20899160 
 0.250125       -3.18450788 
 0.265758       -3.20072479 
 0.281390       -3.32547019 
 0.297023       -3.44848789 
 0.312656       -3.56943072 
 0.328289       -3.68799747 
 0.343922       -3.80385490 
 0.359555       -3.91662468 
 0.375187       -4.02545812 
 0.390820       -4.11178012 
 &&
 0.000000       -1.44885321 
 0.015633       -1.46293883 
 0.031266       -1.50349033 
 0.046898       -1.56631296 
 0.062531       -1.64653322 
 0.078164       -1.73987473 
 0.093797       -1.84298620 
 0.109430       -1.95339938 
 0.125062       -2.06928260 
 0.140695       -2.18927793 
 0.156328       -2.31232616 
 0.171961       -2.43756081 
 0.187594       -2.56426908 
 0.203226       -2.69183883 
 0.218859       -2.81972935 
 0.234492       -2.94746208 
 0.250125       -3.07459630 
 0.265758       -3.20072427 
 0.281390       -3.18403997 
 0.297023       -3.16423143 
 0.312656       -3.14661307 
 0.328289       -3.13157602 
 0.343922       -3.11946558 
 0.359555       -3.11057730 
 0.375187       -3.10513420 
 0.390820       -3.10326691 
 &&
 0.000000       -1.44885269 
 0.015633       -1.46293832 
 0.031266       -1.50348983 
 0.046898       -1.56631248 
 0.062531       -1.64653276 
 0.078164       -1.73987429 
 0.093797       -1.84298578 
 0.109430       -1.95339898 
 0.125062       -2.06928221 
 0.140695       -2.18927754 
 0.156328       -2.31232578 
 0.171961       -2.43756043 
 0.187594       -2.56426871 
 0.203226       -2.69183845 
 0.218859       -2.81972896 
 0.234492       -2.94746168 
 0.250125       -3.07459589 
 0.265758       -3.16093483 
 0.281390       -3.13871858 
 0.297023       -3.11831933 
 0.312656       -3.10015664 
 0.328289       -3.08464078 
 0.343922       -3.07214291 
 0.359555       -3.06297045 
 0.375187       -3.05734956 
 0.390820       -3.05544114 
 &&
 0.000000       -0.87819407 
 0.015633       -0.85899485 
 0.031266       -0.80303877 
 0.046898       -0.71441892 
 0.062531       -0.59853877 
 0.078164       -0.46103789 
 0.093797       -0.30708616 
 0.109430       -0.14074399 
 0.125062        0.03444478 
 0.140695        0.21563248 
 0.156328        0.36960806 
 0.171961        0.46935878 
 0.187594        0.57088576 
 0.203226        0.67411265 
 0.218859        0.77903336 
 0.234492        0.88566816 
 0.250125        0.99405757 
 0.265758        1.07324935 
 0.281390        1.01703248 
 0.297023        0.96628238 
 0.312656        0.92197663 
 0.328289        0.88476758 
 0.343922        0.85519528 
 0.359555        0.83374228 
 0.375187        0.82109746 
 0.390820        0.81644910 
 &&
 0.000000       -0.47887399 
 0.015633       -0.45953619 
 0.031266       -0.40316634 
 0.046898       -0.31373578 
 0.062531       -0.19663453 
 0.078164       -0.09009775 
 0.093797       -0.00584224 
 0.109430        0.08337117 
 0.125062        0.17619592 
 0.140695        0.27179274 
 0.156328        0.36960874 
 0.171961        0.46935986 
 0.187594        0.57088629 
 0.203226        0.67411349 
 0.218859        0.77903347 
 0.234492        0.88566962 
 0.250125        0.99405763 
 0.265758        1.10425214 
 0.281390        1.06031743 
 0.297023        1.01003892 
 0.312656        0.96615216 
 0.328289        0.92931942 
 0.343922        0.90006085 
 0.359555        0.87883739 
 0.375187        0.86598427 
 0.390820        0.86170116 
 &&
 0.000000       -0.47885986 
 0.015633       -0.45952220 
 0.031266       -0.40315295 
 0.046898       -0.31372266 
 0.062531       -0.19662137 
 0.078164       -0.09009770 
 0.093797       -0.00584182 
 0.109430        0.08337270 
 0.125062        0.17619659 
 0.140695        0.27179400 
 0.156328        0.40101980 
 0.171961        0.58864468 
 0.187594        0.77727064 
 0.203226        0.96566628 
 0.218859        1.15308163 
 0.234492        1.19951570 
 0.250125        1.13440548 
 0.265758        1.10425259 
 0.281390        1.21630488 
 0.297023        1.33011847 
 0.312656        1.44580224 
 0.328289        1.56348896 
 0.343922        1.68251331 
 0.359555        1.80345849 
 0.375187        1.92495483 
 0.390820        2.02875849 
 &&
 0.000000       -0.33496996 
 0.015633       -0.32277349 
 0.031266       -0.28801611 
 0.046898       -0.23466012 
 0.062531       -0.16735122 
 0.078164       -0.05736925 
 0.093797        0.09899306 
 0.109430        0.26845853 
 0.125062        0.44749005 
 0.140695        0.63328828 
 0.156328        0.82425073 
 0.171961        1.01838395 
 0.187594        1.21452248 
 0.203226        1.33782236 
 0.218859        1.26764320 
 0.234492        1.24140826 
 0.250125        1.17676767 
 0.265758        1.11609876 
 0.281390        1.21630661 
 0.297023        1.33011960 
 0.312656        1.44580261 
 0.328289        1.56349397 
 0.343922        1.68251443 
 0.359555        1.80346597 
 0.375187        1.92495489 
 0.390820        2.02877286 
 &&
 0.000000       -0.33496969 
 0.015633       -0.32277281 
 0.031266       -0.28801579 
 0.046898       -0.23465984 
 0.062531       -0.16735120 
 0.078164       -0.05735566 
 0.093797        0.09900906 
 0.109430        0.26847378 
 0.125062        0.44750654 
 0.140695        0.63330307 
 0.156328        0.82425377 
 0.171961        1.01838550 
 0.187594        1.21453889 
 0.203226        1.37884451 
 0.218859        1.30908292 
 0.234492        1.33881223 
 0.250125        1.52232985 
 0.265758        1.70314662 
 0.281390        1.88070746 
 0.297023        2.05553463 
 0.312656        2.22700944 
 0.328289        2.39441334 
 0.343922        2.43145597 
 0.359555        2.30447458 
 0.375187        2.17902463 
 0.390820        2.07456427 
 &&
 0.000000       -0.33398392 
 0.015633       -0.31095129 
 0.031266       -0.24522824 
 0.046898       -0.14466677 
 0.062531       -0.01804496 
 0.078164        0.12693978 
 0.093797        0.28477788 
 0.109430        0.45135231 
 0.125062        0.62385236 
 0.140695        0.79990155 
 0.156328        0.97878592 
 0.171961        1.15905530 
 0.187594        1.34019705 
 0.203226        1.41142084 
 0.218859        1.60838885 
 0.234492        1.80466919 
 0.250125        1.99958890 
 0.265758        2.19282179 
 0.281390        2.38368658 
 0.297023        2.57272113 
 0.312656        2.68711243 
 0.328289        2.55915413 
 0.343922        2.43145725 
 0.359555        2.30447500 
 0.375187        2.17902569 
 0.390820        2.07457392 
 &&
 0.000000       -0.33364348 
 0.015633       -0.31061299 
 0.031266       -0.24491250 
 0.046898       -0.14430706 
 0.062531       -0.01764808 
 0.078164        0.12741348 
 0.093797        0.28525962 
 0.109430        0.45182939 
 0.125062        0.62432581 
 0.140695        0.80035998 
 0.156328        0.97928932 
 0.171961        1.15964873 
 0.187594        1.34084799 
 0.203226        1.41142462 
 0.218859        1.60839602 
 0.234492        1.80468853 
 0.250125        1.99963347 
 0.265758        2.19283002 
 0.281390        2.38369932 
 0.297023        2.57273372 
 0.312656        2.68711353 
 0.328289        2.55915495 
 0.343922        2.55872904 
 0.359555        2.71855407 
 0.375187        2.87377516 
 0.390820        3.00328609 
 &&
 0.000000        1.96605154 
 0.015633        1.96120493 
 0.031266        1.94638439 
 0.046898        1.92216348 
 0.062531        1.88902824 
 0.078164        1.84767172 
 0.093797        1.79895642 
 0.109430        1.74383673 
 0.125062        1.68333165 
 0.140695        1.61853074 
 0.156328        1.55047306 
 0.171961        1.48029231 
 0.187594        1.40905911 
 0.203226        1.52107411 
 0.218859        1.70212806 
 0.234492        1.88236073 
 0.250125        2.06198980 
 0.265758        2.24093134 
 0.281390        2.41853085 
 0.297023        2.59512494 
 0.312656        2.75883328 
 0.328289        2.94266158 
 0.343922        3.11777998 
 0.359555        3.28917325 
 0.375187        3.17292728 
 0.390820        3.05079554 
 &&
 0.000000        1.97552066 
 0.015633        1.97871138 
 0.031266        1.98553944 
 0.046898        1.96060165 
 0.062531        1.92767317 
 0.078164        1.88644797 
 0.093797        1.83790665 
 0.109430        1.78299250 
 0.125062        1.72270722 
 0.140695        1.65820090 
 0.156328        1.59042957 
 0.171961        1.52056183 
 0.187594        1.44967541 
 0.203226        1.52173357 
 0.218859        1.70281875 
 0.234492        1.88315310 
 0.250125        2.06285798 
 0.265758        2.24166638 
 0.281390        2.41956558 
 0.297023        2.59621444 
 0.312656        2.75884805 
 0.328289        2.94267259 
 0.343922        3.11918693 
 0.359555        3.29077117 
 0.375187        3.45838009 
 0.390820        3.60334931 
 &&
 0.000000        2.00434098 
 0.015633        1.99951764 
 0.031266        1.98824615 
 0.046898        2.00412561 
 0.062531        2.02635515 
 0.078164        2.05493732 
 0.093797        2.08987314 
 0.109430        2.13116273 
 0.125062        2.17880302 
 0.140695        2.23279809 
 0.156328        2.29311528 
 0.171961        2.35976078 
 0.187594        2.43271062 
 0.203226        2.51193196 
 0.218859        2.59738177 
 0.234492        2.68898818 
 0.250125        2.78663954 
 0.265758        2.89013762 
 0.281390        2.94203682 
 0.297023        2.81491102 
 0.312656        2.77058837 
 0.328289        2.94484377 
 0.343922        3.12331217 
 0.359555        3.30113006 
 0.375187        3.46029151 
 0.390820        3.60590152 
 &&
 0.000000        2.89651642 
 0.015633        2.89977046 
 0.031266        2.90953202 
 0.046898        2.92579953 
 0.062531        2.94857092 
 0.078164        2.97784239 
 0.093797        3.01360929 
 0.109430        3.05586505 
 0.125062        3.10460073 
 0.140695        3.15981046 
 0.156328        3.22145797 
 0.171961        3.28889841 
 0.187594        3.36127766 
 0.203226        3.43359315 
 0.218859        3.42157168 
 0.234492        3.31180689 
 0.250125        3.19162200 
 0.265758        3.06785945 
 0.281390        2.94203897 
 0.297023        2.81491179 
 0.312656        2.77177637 
 0.328289        2.94612692 
 0.343922        3.12333273 
 0.359555        3.30116676 
 0.375187        3.47543503 
 0.390820        3.62512181 
 &&
 0.000000        2.89928104 
 0.015633        2.90251693 
 0.031266        2.91222289 
 0.046898        2.92839706 
 0.062531        2.95103544 
 0.078164        2.98013161 
 0.093797        3.01567565 
 0.109430        3.05765282 
 0.125062        3.10603848 
 0.140695        3.16079558 
 0.156328        3.22181741 
 0.171961        3.28899880 
 0.187594        3.36138567 
 0.203226        3.43369637 
 0.218859        3.42158936 
 0.234492        3.31181076 
 0.250125        3.19162337 
 0.265758        3.06786201 
 0.281390        2.99909751 
 0.297023        3.11265308 
 0.312656        3.22835151 
 0.328289        3.33622735 
 0.343922        3.38274072 
 0.359555        3.30205486 
 0.375187        3.47551061 
 0.390820        3.62513205 
 &&
 0.000000        2.89939333 
 0.015633        2.90262922 
 0.031266        2.91233522 
 0.046898        2.92850943 
 0.062531        2.95114787 
 0.078164        2.98024414 
 0.093797        3.01578831 
 0.109430        3.05776589 
 0.125062        3.10615215 
 0.140695        3.16091101 
 0.156328        3.22193924 
 0.171961        3.28956976 
 0.187594        3.36405880 
 0.203226        3.44491889 
 0.218859        3.53208461 
 0.234492        3.62545937 
 0.250125        3.72487619 
 0.265758        3.83001244 
 0.281390        3.91766591 
 0.297023        3.86392565 
 0.312656        3.76770518 
 0.328289        3.66539023 
 0.343922        3.62090678 
 0.359555        3.70258894 
 0.375187        3.79678594 
 0.390820        3.65452650 
 &&
 0.000000        3.08450643 
 0.015633        3.08757721 
 0.031266        3.09678711 
 0.046898        3.11213830 
 0.062531        3.13363049 
 0.078164        3.16126013 
 0.093797        3.19501774 
 0.109430        3.23488571 
 0.125062        3.28082826 
 0.140695        3.33279584 
 0.156328        3.39067382 
 0.171961        3.45432870 
 0.187594        3.52349963 
 0.203226        3.56492353 
 0.218859        3.54949669 
 0.234492        3.63386953 
 0.250125        3.73186607 
 0.265758        3.83747658 
 0.281390        3.94014008 
 0.297023        4.05317239 
 0.312656        4.16040208 
 0.328289        4.20663189 
 0.343922        4.10718965 
 0.359555        3.95712154 
 0.375187        3.80030373 
 0.390820        3.65678902 
 &&
 0.000000        3.40612812 
 0.015633        3.40933812 
 0.031266        3.41896657 
 0.046898        3.43501139 
 0.062531        3.45746819 
 0.078164        3.48633015 
 0.093797        3.52158817 
 0.109430        3.56322903 
 0.125062        3.61123457 
 0.140695        3.66558273 
 0.156328        3.72623082 
 0.171961        3.76305029 
 0.187594        3.66515911 
 0.203226        3.56492843 
 0.218859        3.54958688 
 0.234492        3.63397433 
 0.250125        3.73197162 
 0.265758        3.83758369 
 0.281390        3.94989059 
 0.297023        4.06881178 
 0.312656        4.19401013 
 0.328289        4.27651754 
 0.343922        4.12362365 
 0.359555        3.96356836 
 0.375187        3.82047715 
 0.390820        3.67417087 
 &&
 0.000000        3.78835764 
 0.015633        3.79126788 
 0.031266        3.79994488 
 0.046898        3.81421097 
 0.062531        3.83368502 
 0.078164        3.85758652 
 0.093797        3.88421471 
 0.109430        3.90946872 
 0.125062        3.92296767 
 0.140695        3.90530780 
 0.156328        3.84747734 
 0.171961        3.76305304 
 0.187594        3.66516039 
 0.203226        3.59773358 
 0.218859        3.67618003 
 0.234492        3.75702553 
 0.250125        3.83583431 
 0.265758        3.90001612 
 0.281390        3.94998747 
 0.297023        4.06891710 
 0.312656        4.19411598 
 0.328289        4.30056211 
 0.343922        4.14727912 
 0.359555        3.98529659 
 0.375187        3.82049333 
 0.390820        3.67418964 
 &&
 0.000000        3.78836718 
 0.015633        3.79127744 
 0.031266        3.79995440 
 0.046898        3.81422047 
 0.062531        3.83369445 
 0.078164        3.85759595 
 0.093797        3.88422424 
 0.109430        3.90947774 
 0.125062        3.92297597 
 0.140695        3.90531393 
 0.156328        3.84748020 
 0.171961        3.79313392 
 0.187594        3.86621629 
 0.203226        3.94535659 
 0.218859        4.03035299 
 0.234492        4.12082629 
 0.250125        4.21597477 
 0.265758        4.30751164 
 0.281390        4.27311490 
 0.297023        4.31317974 
 0.312656        4.40171742 
 0.328289        4.30059502 
 0.343922        4.14729489 
 0.359555        3.98530490 
 0.375187        3.83495072 
 0.390820        3.97936498 
 &&
 0.000000        3.85962348 
 0.015633        3.86304714 
 0.031266        3.87330574 
 0.046898        3.89036623 
 0.062531        3.91417903 
 0.078164        3.94468269 
 0.093797        3.98181119 
 0.109430        4.02549613 
 0.125062        4.07566729 
 0.140695        4.13224755 
 0.156328        4.19511263 
 0.171961        4.24426153 
 0.187594        4.30789541 
 0.203226        4.38233018 
 0.218859        4.46544079 
 0.234492        4.47780550 
 0.250125        4.38927923 
 0.265758        4.31375538 
 0.281390        4.40729083 
 0.297023        4.46463447 
 0.312656        4.40886215 
 0.328289        4.33275102 
 0.343922        4.46535727 
 0.359555        4.30505008 
 0.375187        4.14045372 
 0.390820        3.98689391 
 &&
 0.000000        4.50925874 
 0.015633        4.50312713 
 0.031266        4.48427433 
 0.046898        4.45369830 
 0.062531        4.41226565 
 0.078164        4.36157485 
 0.093797        4.30418992 
 0.109430        4.24509119 
 0.125062        4.19560635 
 0.140695        4.17620383 
 0.156328        4.19653013 
 0.171961        4.24426716 
 0.187594        4.30790147 
 0.203226        4.38233656 
 0.218859        4.46544718 
 0.234492        4.55623544 
 0.250125        4.65418678 
 0.265758        4.75885480 
 0.281390        4.76190218 
 0.297023        4.61436753 
 0.312656        4.46288591 
 0.328289        4.33284024 
 0.343922        4.46546401 
 0.359555        4.60976824 
 0.375187        4.76066353 
 0.390820        4.91562637 
 &&
 0.000000        4.50925903 
 0.015633        4.50312795 
 0.031266        4.48427601 
 0.046898        4.45370011 
 0.062531        4.41226589 
 0.078164        4.36157617 
 0.093797        4.30419186 
 0.109430        4.24509185 
 0.125062        4.19560741 
 0.140695        4.17620691 
 0.156328        4.19654019 
 0.171961        4.26409755 
 0.187594        4.33873279 
 0.203226        4.41748643 
 0.218859        4.49035771 
 0.234492        4.55624225 
 0.250125        4.65419487 
 0.265758        4.75886168 
 0.281390        4.76199432 
 0.297023        4.61438305 
 0.312656        4.46290463 
 0.328289        4.43494833 
 0.343922        4.47613293 
 0.359555        4.60987331 
 0.375187        4.76076467 
 0.390820        4.91572129 
 &&
 0.000000        4.89112625 
 0.015633        4.89458482 
 0.031266        4.90493271 
 0.046898        4.92208889 
 0.062531        4.94589827 
 0.078164        4.97608165 
 0.093797        5.01203882 
 0.109430        5.05196586 
 0.125062        5.08643001 
 0.140695        5.06911469 
 0.156328        4.99848899 
 0.171961        4.91235953 
 0.187594        4.81907697 
 0.203226        4.72247110 
 0.218859        4.63435662 
 0.234492        4.63670431 
 0.250125        4.72505098 
 0.265758        4.82985673 
 0.281390        4.80140027 
 0.297023        4.65087170 
 0.312656        4.51010185 
 0.328289        4.51273894 
 0.343922        4.50927169 
 0.359555        4.63936273 
 0.375187        4.78516501 
 0.390820        4.92018426 
 &&
 0.000000        5.10348818 
 0.015633        5.10737519 
 0.031266        5.11900161 
 0.046898        5.13826965 
 0.062531        5.16503729 
 0.078164        5.19911515 
 0.093797        5.24030007 
 0.109430        5.25316759 
 0.125062        5.20041592 
 0.140695        5.19834840 
 0.156328        5.24884389 
 0.171961        5.31498553 
 0.187594        5.38961096 
 0.203226        5.42920910 
 0.218859        5.30708999 
 0.234492        5.17870866 
 0.250125        5.04482743 
 0.265758        4.90613027 
 0.281390        4.83785919 
 0.297023        4.74115995 
 0.312656        4.76148861 
 0.328289        4.65328795 
 0.343922        4.63635482 
 0.359555        4.76839314 
 0.375187        4.90757177 
 0.390820        4.92030732 
 &&
 0.000000        5.36499403 
 0.015633        5.36853232 
 0.031266        5.37912439 
 0.046898        5.39671151 
 0.062531        5.40283003 
 0.078164        5.36032455 
 0.093797        5.30975060 
 0.109430        5.28838238 
 0.125062        5.34315731 
 0.140695        5.40448801 
 0.156328        5.47206727 
 0.171961        5.54585624 
 0.187594        5.54377376 
 0.203226        5.42922581 
 0.218859        5.30710211 
 0.234492        5.17872110 
 0.250125        5.04483629 
 0.265758        4.90614011 
 0.281390        4.87134430 
 0.297023        4.98918611 
 0.312656        4.83591723 
 0.328289        4.86256532 
 0.343922        4.98852105 
 0.359555        5.12628987 
 0.375187        5.08140387 
 0.390820        4.93943776 
 &&
 0.000000        5.36505445 
 0.015633        5.36859260 
 0.031266        5.37918435 
 0.046898        5.39677067 
 0.062531        5.42119691 
 0.078164        5.45245506 
 0.093797        5.49031722 
 0.109430        5.53453256 
 0.125062        5.58459679 
 0.140695        5.63889607 
 0.156328        5.68558759 
 0.171961        5.64536740 
 0.187594        5.54378404 
 0.203226        5.47124311 
 0.218859        5.38864371 
 0.234492        5.24711179 
 0.250125        5.10130039 
 0.265758        4.95224599 
 0.281390        4.87136079 
 0.297023        4.98919336 
 0.312656        5.11382161 
 0.328289        5.24491554 
 0.343922        5.38235300 
 0.359555        5.25110187 
 0.375187        5.08151723 
 0.390820        4.94101222 
 &&
 0.000000        5.48011218 
 0.015633        5.47535785 
 0.031266        5.46066033 
 0.046898        5.43642184 
 0.062531        5.42125541 
 0.078164        5.45251227 
 0.093797        5.49037267 
 0.109430        5.53458585 
 0.125062        5.58464786 
 0.140695        5.63894466 
 0.156328        5.68562181 
 0.171961        5.64538919 
 0.187594        5.62570973 
 0.203226        5.52480542 
 0.218859        5.40090273 
 0.234492        5.26041315 
 0.250125        5.11714620 
 0.265758        4.97376522 
 0.281390        4.94310439 
 0.297023        5.02355316 
 0.312656        5.11382759 
 0.328289        5.24491965 
 0.343922        5.38235707 
 0.359555        5.25121171 
 0.375187        5.10278996 
 0.390820        5.05109282 
 &&
 0.000000        5.49185882 
 0.015633        5.49567947 
 0.031266        5.50708306 
 0.046898        5.52592370 
 0.062531        5.55199354 
 0.078164        5.58407626 
 0.093797        5.62094885 
 0.109430        5.66427317 
 0.125062        5.71369449 
 0.140695        5.76795209 
 0.156328        5.78891051 
 0.171961        5.77058298 
 0.187594        5.65396743 
 0.203226        5.53717277 
 0.218859        5.55938314 
 0.234492        5.65375280 
 0.250125        5.60603939 
 0.265758        5.41047222 
 0.281390        5.21561904 
 0.297023        5.06348757 
 0.312656        5.19047175 
 0.328289        5.32396007 
 0.343922        5.42697886 
 0.359555        5.27219926 
 0.375187        5.20264696 
 0.390820        5.05420312 
 &&
 0.000000        5.49189493 
 0.015633        5.49571569 
 0.031266        5.50711960 
 0.046898        5.52596070 
 0.062531        5.55203135 
 0.078164        5.58507141 
 0.093797        5.62494291 
 0.109430        5.67139271 
 0.125062        5.72407813 
 0.140695        5.78130546 
 0.156328        5.78894012 
 0.171961        5.79271231 
 0.187594        5.66813976 
 0.203226        5.71151169 
 0.218859        5.80314612 
 0.234492        5.79789570 
 0.250125        5.75441463 
 0.265758        5.86083877 
 0.281390        5.97306081 
 0.297023        5.99097900 
 0.312656        5.79696395 
 0.328289        5.60893447 
 0.343922        5.42710114 
 0.359555        5.35702353 
 0.375187        5.27250043 
 0.390820        5.42422014 
 &&
 0.000000        5.49979666 
 0.015633        5.50317784 
 0.031266        5.51331801 
 0.046898        5.53020210 
 0.062531        5.55380385 
 0.078164        5.58511084 
 0.093797        5.62498352 
 0.109430        5.67143470 
 0.125062        5.72412259 
 0.140695        5.78135686 
 0.156328        5.81699496 
 0.171961        5.79965416 
 0.187594        5.86815881 
 0.203226        5.94898339 
 0.218859        5.97529124 
 0.234492        5.90048859 
 0.250125        6.00338755 
 0.265758        6.11157448 
 0.281390        6.14283237 
 0.297023        5.99111198 
 0.312656        5.79708665 
 0.328289        5.60907742 
 0.343922        5.44812068 
 0.359555        5.52608042 
 0.375187        5.58612734 
 0.390820        5.42775711 
 &&
 0.000000        5.86206475 
 0.015633        5.86658339 
 0.031266        5.87962990 
 0.046898        5.90114195 
 0.062531        5.93077020 
 0.078164        5.96821586 
 0.093797        6.01060813 
 0.109430        6.04315887 
 0.125062        5.96222747 
 0.140695        5.87857353 
 0.156328        5.85763261 
 0.171961        5.79970398 
 0.187594        5.86820444 
 0.203226        5.94902742 
 0.218859        6.03738975 
 0.234492        6.13246167 
 0.250125        6.23388576 
 0.265758        6.28240648 
 0.281390        6.19547032 
 0.297023        5.99125632 
 0.312656        5.81880971 
 0.328289        5.63038622 
 0.343922        5.46377475 
 0.359555        5.52608489 
 0.375187        5.67584286 
 0.390820        5.81887828 
 &&
 0.000000        6.27938675 
 0.015633        6.28226764 
 0.031266        6.29069251 
 0.046898        6.30090526 
 0.062531        6.24735201 
 0.078164        6.18626411 
 0.093797        6.11803748 
 0.109430        6.04316334 
 0.125062        5.96223945 
 0.140695        5.87859001 
 0.156328        5.85766860 
 0.171961        5.92447222 
 0.187594        5.99361435 
 0.203226        6.07511064 
 0.218859        6.03743087 
 0.234492        6.13249782 
 0.250125        6.23391691 
 0.265758        6.34134065 
 0.281390        6.19553377 
 0.297023        6.01341975 
 0.312656        5.83395197 
 0.328289        5.67420835 
 0.343922        5.51463289 
 0.359555        5.60969469 
 0.375187        5.67585027 
 0.390820        5.81892198 
 &&
 0.000000        6.30155391 
 0.015633        6.30486328 
 0.031266        6.31477973 
 0.046898        6.30143589 
 0.062531        6.24742392 
 0.078164        6.18628617 
 0.093797        6.11805170 
 0.109430        6.05945265 
 0.125062        6.10940136 
 0.140695        6.01840832 
 0.156328        5.91009639 
 0.171961        5.92626284 
 0.187594        6.00446931 
 0.203226        6.08940379 
 0.218859        6.16438618 
 0.234492        6.26063264 
 0.250125        6.36354561 
 0.265758        6.34138192 
 0.281390        6.21404969 
 0.297023        6.09068882 
 0.312656        6.21290259 
 0.328289        6.10371657 
 0.343922        5.92515904 
 0.359555        5.75257257 
 0.375187        5.76139826 
 0.390820        5.84650936 
 &&
 0.000000        6.39065116 
 0.015633        6.37791225 
 0.031266        6.34542711 
 0.046898        6.30371568 
 0.062531        6.31766675 
 0.078164        6.31568002 
 0.093797        6.27128669 
 0.109430        6.19942976 
 0.125062        6.11338734 
 0.140695        6.01952514 
 0.156328        5.92457225 
 0.171961        5.92630985 
 0.187594        6.00451966 
 0.203226        6.08945685 
 0.218859        6.18072127 
 0.234492        6.27827973 
 0.250125        6.38197843 
 0.265758        6.39483168 
 0.281390        6.22445287 
 0.297023        6.34091509 
 0.312656        6.28813117 
 0.328289        6.33679840 
 0.343922        6.33772220 
 0.359555        6.16371102 
 0.375187        5.99566626 
 0.390820        5.84654436 
 &&
 0.000000        6.39066523 
 0.015633        6.37792562 
 0.031266        6.34543933 
 0.046898        6.33126946 
 0.062531        6.35428369 
 0.078164        6.35853946 
 0.093797        6.28960601 
 0.109430        6.20960320 
 0.125062        6.11921086 
 0.140695        6.15840903 
 0.156328        6.19949448 
 0.171961        6.22056639 
 0.187594        6.20118046 
 0.203226        6.11812875 
 0.218859        6.18077584 
 0.234492        6.27833261 
 0.250125        6.38202431 
 0.265758        6.39492151 
 0.281390        6.45520129 
 0.297023        6.47822335 
 0.312656        6.45660053 
 0.328289        6.51616735 
 0.343922        6.33775990 
 0.359555        6.16373107 
 0.375187        5.99566720 
 0.390820        5.90323319 
 &&
 0.000000        6.48186323 
 0.015633        6.48398851 
 0.031266        6.48396191 
 0.046898        6.45944028 
 0.062531        6.41562249 
 0.078164        6.38376856 
 0.093797        6.41965826 
 0.109430        6.45418930 
 0.125062        6.49743817 
 0.140695        6.54687545 
 0.156328        6.60013498 
 0.171961        6.65431825 
 0.187594        6.70508198 
 0.203226        6.68083805 
 0.218859        6.59240122 
 0.234492        6.50791712 
 0.250125        6.40535807 
 0.265758        6.41830206 
 0.281390        6.45524123 
 0.297023        6.56082344 
 0.312656        6.57057346 
 0.328289        6.51617217 
 0.343922        6.41310197 
 0.359555        6.25017223 
 0.375187        6.08406916 
 0.390820        5.93711868 
 &&
 0.000000        6.50731516 
 0.015633        6.51594698 
 0.031266        6.50234169 
 0.046898        6.47286900 
 0.062531        6.43631949 
 0.078164        6.40999912 
 0.093797        6.42078365 
 0.109430        6.46192139 
 0.125062        6.51048807 
 0.140695        6.56533125 
 0.156328        6.62636189 
 0.171961        6.69352075 
 0.187594        6.76545837 
 0.203226        6.74974032 
 0.218859        6.79329332 
 0.234492        6.73904345 
 0.250125        6.60396975 
 0.265758        6.47429377 
 0.281390        6.57507624 
 0.297023        6.56083299 
 0.312656        6.57057579 
 0.328289        6.54850636 
 0.343922        6.44336615 
 0.359555        6.44615703 
 0.375187        6.41973415 
 0.390820        6.40970662 
 &&
 0.000000        6.50732441 
 0.015633        6.51595672 
 0.031266        6.51228747 
 0.046898        6.52097864 
 0.062531        6.54306955 
 0.078164        6.57288310 
 0.093797        6.60930651 
 0.109430        6.65161147 
 0.125062        6.69858626 
 0.140695        6.74718718 
 0.156328        6.78837827 
 0.171961        6.80548472 
 0.187594        6.80562236 
 0.203226        6.81052521 
 0.218859        6.83122064 
 0.234492        6.73904405 
 0.250125        6.60404005 
 0.265758        6.49167202 
 0.281390        6.57510112 
 0.297023        6.57671557 
 0.312656        6.66797975 
 0.328289        6.55472900 
 0.343922        6.55321556 
 0.359555        6.51748131 
 0.375187        6.49053861 
 0.390820        6.48107827 
 &&
 0.000000        6.52690194 
 0.015633        6.52087734 
 0.031266        6.53596371 
 0.046898        6.56093318 
 0.062531        6.58886655 
 0.078164        6.61979437 
 0.093797        6.65409974 
 0.109430        6.69241469 
 0.125062        6.73530371 
 0.140695        6.78331192 
 0.156328        6.83696269 
 0.171961        6.89653421 
 0.187594        6.80887808 
 0.203226        6.84730745 
 0.218859        6.83494351 
 0.234492        6.81651129 
 0.250125        6.63027257 
 0.265758        6.49172257 
 0.281390        6.58975468 
 0.297023        6.57674307 
 0.312656        6.69244310 
 0.328289        6.60480576 
 0.343922        6.58124318 
 0.359555        6.65111755 
 0.375187        6.78414979 
 0.390820        6.88439059 
 &&
 0.000000        6.52714927 
 0.015633        6.52200143 
 0.031266        6.53597380 
 0.046898        6.56099417 
 0.062531        6.58888397 
 0.078164        6.61979512 
 0.093797        6.65410783 
 0.109430        6.69242241 
 0.125062        6.73531707 
 0.140695        6.78332703 
 0.156328        6.83697013 
 0.171961        6.89655013 
 0.187594        6.91896017 
 0.203226        6.94931411 
 0.218859        6.83494398 
 0.234492        6.81660697 
 0.250125        6.66366884 
 0.265758        6.60890788 
 0.281390        6.60817195 
 0.297023        6.71246034 
 0.312656        6.69250084 
 0.328289        6.60482257 
 0.343922        6.65439631 
 0.359555        6.72435762 
 0.375187        6.81163013 
 0.390820        6.88443126 
 &&
 0.000000        6.85716551 
 0.015633        6.86788920 
 0.031266        6.89981500 
 0.046898        6.95277325 
 0.062531        7.00401344 
 0.078164        7.04594292 
 0.093797        7.09422621 
 0.109430        7.14267713 
 0.125062        7.05922218 
 0.140695        6.99327693 
 0.156328        6.94796931 
 0.171961        6.91889540 
 0.187594        6.96221770 
 0.203226        6.94931823 
 0.218859        6.93286673 
 0.234492        6.83761086 
 0.250125        6.66367147 
 0.265758        6.60891202 
 0.281390        6.60823332 
 0.297023        6.72894152 
 0.312656        6.71480594 
 0.328289        6.66778260 
 0.343922        6.65446318 
 0.359555        6.72504111 
 0.375187        6.81181914 
 0.390820        6.89443949 
 &&
 0.000000        6.92771387 
 0.015633        6.93264280 
 0.031266        6.94702136 
 0.046898        6.97100962 
 0.062531        7.00404109 
 0.078164        7.04609798 
 0.093797        7.09447229 
 0.109430        7.15191173 
 0.125062        7.07362452 
 0.140695        7.00107364 
 0.156328        6.95662726 
 0.171961        6.96825676 
 0.187594        6.96223513 
 0.203226        6.95082199 
 0.218859        7.00297911 
 0.234492        6.85215975 
 0.250125        6.90857587 
 0.265758        6.87140186 
 0.281390        6.67362893 
 0.297023        6.72900851 
 0.312656        6.71483693 
 0.328289        6.73319818 
 0.343922        6.79063793 
 0.359555        6.91275498 
 0.375187        7.04579676 
 0.390820        6.97566657 
 &&
 0.000000        6.92772359 
 0.015633        6.93265113 
 0.031266        6.94703031 
 0.046898        6.97101046 
 0.062531        7.02625866 
 0.078164        7.11983270 
 0.093797        7.19562940 
 0.109430        7.15259583 
 0.125062        7.21652353 
 0.140695        7.28618498 
 0.156328        7.19030254 
 0.171961        6.98110082 
 0.187594        7.02221062 
 0.203226        7.03363529 
 0.218859        7.02814511 
 0.234492        6.86986416 
 0.250125        6.92750967 
 0.265758        6.98920659 
 0.281390        6.92479769 
 0.297023        6.78757545 
 0.312656        6.78781255 
 0.328289        6.83287792 
 0.343922        6.96879859 
 0.359555        7.10063342 
 0.375187        7.05949975 
 0.390820        6.97583450 
 &&
 0.000000        7.10496637 
 0.015633        7.10695674 
 0.031266        7.11287572 
 0.046898        7.12345965 
 0.062531        7.13979471 
 0.078164        7.16330800 
 0.093797        7.19567548 
 0.109430        7.16220846 
 0.125062        7.21779169 
 0.140695        7.28698599 
 0.156328        7.35680376 
 0.171961        7.23069374 
 0.187594        7.08176669 
 0.203226        7.03365633 
 0.218859        7.02836951 
 0.234492        7.02460007 
 0.250125        7.07268625 
 0.265758        7.00359091 
 0.281390        7.02124785 
 0.297023        6.89103804 
 0.312656        6.83078536 
 0.328289        6.83290044 
 0.343922        6.96882500 
 0.359555        7.10069531 
 0.375187        7.05982195 
 0.390820        6.98386213 
 &&
 0.000000        7.10497631 
 0.015633        7.10696375 
 0.031266        7.11288465 
 0.046898        7.12347057 
 0.062531        7.13979579 
 0.078164        7.16331600 
 0.093797        7.23275684 
 0.109430        7.23870035 
 0.125062        7.29383411 
 0.140695        7.36109426 
 0.156328        7.35686290 
 0.171961        7.23069691 
 0.187594        7.08176895 
 0.203226        7.09630437 
 0.218859        7.07892031 
 0.234492        7.09555575 
 0.250125        7.12099980 
 0.265758        7.07285490 
 0.281390        7.08680565 
 0.297023        6.89760173 
 0.312656        6.84166860 
 0.328289        6.97729868 
 0.343922        7.11559380 
 0.359555        7.18447443 
 0.375187        7.10011339 
 0.390820        7.13417817 
 &&
 0.000000        7.36836536 
 0.015633        7.37123301 
 0.031266        7.37885256 
 0.046898        7.38676361 
 0.062531        7.37843071 
 0.078164        7.32376660 
 0.093797        7.23511843 
 0.109430        7.23878949 
 0.125062        7.29389250 
 0.140695        7.36120980 
 0.156328        7.39500045 
 0.171961        7.41235112 
 0.187594        7.38598062 
 0.203226        7.23265696 
 0.218859        7.11323316 
 0.234492        7.19576164 
 0.250125        7.18617180 
 0.265758        7.16596877 
 0.281390        7.09908539 
 0.297023        6.89760373 
 0.312656        6.85615975 
 0.328289        6.98680326 
 0.343922        7.11590025 
 0.359555        7.18498357 
 0.375187        7.27060224 
 0.390820        7.30779984 
 &&
 0.000000        7.59384819 
 0.015633        7.59792704 
 0.031266        7.61006444 
 0.046898        7.58101459 
 0.062531        7.47969386 
 0.078164        7.37051038 
 0.093797        7.26275988 
 0.109430        7.36446644 
 0.125062        7.51398585 
 0.140695        7.42120115 
 0.156328        7.39500596 
 0.171961        7.41244343 
 0.187594        7.38604833 
 0.203226        7.23295588 
 0.218859        7.11324402 
 0.234492        7.19577205 
 0.250125        7.24532298 
 0.265758        7.22993381 
 0.281390        7.10414594 
 0.297023        7.01515992 
 0.312656        6.85622556 
 0.328289        6.98690840 
 0.343922        7.11925750 
 0.359555        7.25569727 
 0.375187        7.27062054 
 0.390820        7.40592405 
 &&
 0.000000        7.59387720 
 0.015633        7.59792807 
 0.031266        7.61007669 
 0.046898        7.62553423 
 0.062531        7.55903390 
 0.078164        7.54052174 
 0.093797        7.56457139 
 0.109430        7.60805742 
 0.125062        7.66212008 
 0.140695        7.57256434 
 0.156328        7.44039195 
 0.171961        7.53090500 
 0.187594        7.51774269 
 0.203226        7.29414852 
 0.218859        7.18029079 
 0.234492        7.24334381 
 0.250125        7.28460504 
 0.265758        7.28767971 
 0.281390        7.10442787 
 0.297023        7.20110830 
 0.312656        7.33200509 
 0.328289        7.47872659 
 0.343922        7.41523073 
 0.359555        7.26747863 
 0.375187        7.40305153 
 0.390820        7.40600503 
 &&
 0.000000        7.73792429 
 0.015633        7.71926021 
 0.031266        7.66465240 
 0.046898        7.63023903 
 0.062531        7.65819886 
 0.078164        7.69366981 
 0.093797        7.73563585 
 0.109430        7.78426610 
 0.125062        7.66673444 
 0.140695        7.57258440 
 0.156328        7.44039938 
 0.171961        7.53090661 
 0.187594        7.63191185 
 0.203226        7.68308529 
 0.218859        7.49282075 
 0.234492        7.31965591 
 0.250125        7.28471024 
 0.265758        7.29587523 
 0.281390        7.22427750 
 0.297023        7.21211986 
 0.312656        7.34262022 
 0.328289        7.48970697 
 0.343922        7.41793118 
 0.359555        7.34322739 
 0.375187        7.42184492 
 0.390820        7.43808877 
 &&
 0.000000        7.77457296 
 0.015633        7.75480281 
 0.031266        7.70013211 
 0.046898        7.63025929 
 0.062531        7.65823132 
 0.078164        7.69380623 
 0.093797        7.73631902 
 0.109430        7.78580546 
 0.125062        7.76051133 
 0.140695        7.68001528 
 0.156328        7.78524341 
 0.171961        7.73772938 
 0.187594        7.63191967 
 0.203226        7.73874619 
 0.218859        7.62170761 
 0.234492        7.42601539 
 0.250125        7.33076821 
 0.265758        7.29595618 
 0.281390        7.33900311 
 0.297023        7.45453280 
 0.312656        7.57511861 
 0.328289        7.57330663 
 0.343922        7.41851507 
 0.359555        7.34328830 
 0.375187        7.45259645 
 0.390820        7.43835488 
 &&
 0.000000        7.91574284 
 0.015633        7.91940678 
 0.031266        7.93073171 
 0.046898        7.94959247 
 0.062531        7.97580170 
 0.078164        8.00917740 
 0.093797        8.04937548 
 0.109430        7.92182887 
 0.125062        7.76055425 
 0.140695        7.72278708 
 0.156328        7.86271617 
 0.171961        7.83560771 
 0.187594        7.76779896 
 0.203226        7.73876708 
 0.218859        7.70505725 
 0.234492        7.51068122 
 0.250125        7.38621640 
 0.265758        7.37862710 
 0.281390        7.39758923 
 0.297023        7.51492389 
 0.312656        7.63928113 
 0.328289        7.58465460 
 0.343922        7.63818856 
 0.359555        7.55804014 
 0.375187        7.45277575 
 0.390820        7.58196558 
 &&
 0.000000        7.96015351 
 0.015633        7.96169402 
 0.031266        7.96880386 
 0.046898        7.98464290 
 0.062531        8.00942862 
 0.078164        8.04161445 
 0.093797        8.07859843 
 0.109430        7.95884496 
 0.125062        7.83990220 
 0.140695        7.89740768 
 0.156328        7.93787512 
 0.171961        7.85748748 
 0.187594        7.76786036 
 0.203226        7.80775119 
 0.218859        7.83728630 
 0.234492        7.70848902 
 0.250125        7.50156993 
 0.265758        7.37865611 
 0.281390        7.47760377 
 0.297023        7.58023795 
 0.312656        7.68636275 
 0.328289        7.58482706 
 0.343922        7.65089514 
 0.359555        7.74470514 
 0.375187        7.58337701 
 0.390820        7.58215322 
 &&
 0.000000        8.33815369 
 0.015633        8.34160055 
 0.031266        8.35207364 
 0.046898        8.36959480 
 0.062531        8.39398915 
 0.078164        8.36429157 
 0.093797        8.16112711 
 0.109430        7.95887762 
 0.125062        7.84262577 
 0.140695        7.89830635 
 0.156328        7.93796424 
 0.171961        7.85773018 
 0.187594        7.81952002 
 0.203226        7.80775562 
 0.218859        7.83736534 
 0.234492        7.70995985 
 0.250125        7.50170113 
 0.265758        7.39778805 
 0.281390        7.47770398 
 0.297023        7.58024383 
 0.312656        7.68638614 
 0.328289        7.70457554 
 0.343922        7.72553313 
 0.359555        7.74502167 
 0.375187        7.58380251 
 0.390820        7.58378066 
 &&
 0.000000        8.33862612 
 0.015633        8.34192410 
 0.031266        8.35229606 
 0.046898        8.36973645 
 0.062531        8.39411135 
 0.078164        8.36440461 
 0.093797        8.16119713 
 0.109430        8.09620462 
 0.125062        8.13264636 
 0.140695        8.08689509 
 0.156328        7.94001340 
 0.171961        8.06068052 
 0.187594        8.04205259 
 0.203226        7.82843908 
 0.218859        7.88991032 
 0.234492        7.74756001 
 0.250125        7.58164700 
 0.265758        7.49252583 
 0.281390        7.60695545 
 0.297023        7.72807421 
 0.312656        7.72784040 
 0.328289        7.77046388 
 0.343922        7.83508326 
 0.359555        7.80731763 
 0.375187        7.75456839 
 0.390820        7.59622565 
 &&
 0.000000        8.72635541 
 0.015633        8.72944815 
 0.031266        8.73913673 
 0.046898        8.74346722 
 0.062531        8.56150769 
 0.078164        8.42519779 
 0.093797        8.18387144 
 0.109430        8.11451649 
 0.125062        8.14894525 
 0.140695        8.20486211 
 0.156328        8.13925721 
 0.171961        8.08681051 
 0.187594        8.12810236 
 0.203226        7.91110929 
 0.218859        7.90686962 
 0.234492        7.96320801 
 0.250125        8.05155817 
 0.265758        8.00816614 
 0.281390        7.96537284 
 0.297023        7.85895584 
 0.312656        7.77436606 
 0.328289        7.79614166 
 0.343922        7.90687389 
 0.359555        7.82677434 
 0.375187        7.77148953 
 0.390820        7.63436853 
 &&
 0.000000        8.91729714 
 0.015633        8.93163888 
 0.031266        8.89602025 
 0.046898        8.74347716 
 0.062531        8.56151860 
 0.078164        8.42536525 
 0.093797        8.46262872 
 0.109430        8.50525494 
 0.125062        8.55161985 
 0.140695        8.52572113 
 0.156328        8.13994579 
 0.171961        8.08683636 
 0.187594        8.13904789 
 0.203226        8.03213260 
 0.218859        7.90692509 
 0.234492        7.96364729 
 0.250125        8.06510538 
 0.265758        8.15982011 
 0.281390        8.22847156 
 0.297023        7.97701992 
 0.312656        7.77437487 
 0.328289        7.79614905 
 0.343922        7.90687862 
 0.359555        7.93702050 
 0.375187        7.95252075 
 0.390820        7.65486153 
 &&
 0.000000        8.91731328 
 0.015633        8.93165555 
 0.031266        8.89602104 
 0.046898        8.75507038 
 0.062531        8.72633654 
 0.078164        8.45287170 
 0.093797        8.46308763 
 0.109430        8.50739437 
 0.125062        8.55742821 
 0.140695        8.53076217 
 0.156328        8.25728203 
 0.171961        8.23286794 
 0.187594        8.13906852 
 0.203226        8.11805958 
 0.218859        7.95064005 
 0.234492        8.06115312 
 0.250125        8.06568839 
 0.265758        8.16048631 
 0.281390        8.24086587 
 0.297023        7.97714622 
 0.312656        7.85558538 
 0.328289        7.90039754 
 0.343922        7.90817337 
 0.359555        7.93968228 
 0.375187        8.00633814 
 0.390820        8.16982128 
 &&
 0.000000        8.97552672 
 0.015633        8.98268341 
 0.031266        8.97369161 
 0.046898        9.00628599 
 0.062531        8.77889237 
 0.078164        8.80703445 
 0.093797        8.84168844 
 0.109430        8.84534660 
 0.125062        8.59708289 
 0.140695        8.60268268 
 0.156328        8.47097541 
 0.171961        8.27983387 
 0.187594        8.16110525 
 0.203226        8.11831035 
 0.218859        7.95107305 
 0.234492        8.06131100 
 0.250125        8.21816366 
 0.265758        8.38361376 
 0.281390        8.27269997 
 0.297023        8.26733579 
 0.312656        8.08116539 
 0.328289        7.98919989 
 0.343922        7.90911685 
 0.359555        7.96941365 
 0.375187        8.01289576 
 0.390820        8.18221900 
 &&
 0.000000        9.03811910 
 0.015633        9.00039477 
 0.031266        8.97370494 
 0.046898        9.04179010 
 0.062531        9.08744673 
 0.078164        9.14821286 
 0.093797        9.04640361 
 0.109430        8.85231972 
 0.125062        8.65501996 
 0.140695        8.60616340 
 0.156328        8.51371580 
 0.171961        8.35362182 
 0.187594        8.19916517 
 0.203226        8.17340823 
 0.218859        8.25056315 
 0.234492        8.13524901 
 0.250125        8.21834720 
 0.265758        8.38408974 
 0.281390        8.27541622 
 0.297023        8.27026897 
 0.312656        8.20768604 
 0.328289        8.07015884 
 0.343922        7.90940414 
 0.359555        8.01667150 
 0.375187        8.10752753 
 0.390820        8.22891753 
 &&
 0.000000        9.03822633 
 0.015633        9.00041850 
 0.031266        9.00364371 
 0.046898        9.04182276 
 0.062531        9.13334579 
 0.078164        9.22478402 
 0.093797        9.12722715 
 0.109430        8.88195803 
 0.125062        8.88536461 
 0.140695        8.68541795 
 0.156328        8.54460906 
 0.171961        8.36352880 
 0.187594        8.27299272 
 0.203226        8.28605492 
 0.218859        8.27405442 
 0.234492        8.35008155 
 0.250125        8.46117800 
 0.265758        8.40807792 
 0.281390        8.45860649 
 0.297023        8.27063550 
 0.312656        8.20796993 
 0.328289        8.07038081 
 0.343922        8.12768619 
 0.359555        8.01698791 
 0.375187        8.12533533 
 0.390820        8.22914111 
 &&
 0.000000        9.16872786 
 0.015633        9.17230466 
 0.031266        9.18291006 
 0.046898        9.04219826 
 0.062531        9.13334815 
 0.078164        9.24236546 
 0.093797        9.22080840 
 0.109430        9.07467683 
 0.125062        8.92381648 
 0.140695        8.68748517 
 0.156328        8.58403680 
 0.171961        8.43528618 
 0.187594        8.39613463 
 0.203226        8.28618220 
 0.218859        8.34630232 
 0.234492        8.43103897 
 0.250125        8.50012442 
 0.265758        8.41324228 
 0.281390        8.56700569 
 0.297023        8.58613968 
 0.312656        8.52490714 
 0.328289        8.49090836 
 0.343922        8.12862987 
 0.359555        8.05279830 
 0.375187        8.12550816 
 0.390820        8.23281512 
 &&
 0.000000        9.43809467 
 0.015633        9.43696275 
 0.031266        9.28984704 
 0.046898        9.20019323 
 0.062531        9.22356223 
 0.078164        9.24498217 
 0.093797        9.23020158 
 0.109430        9.22762089 
 0.125062        9.04247090 
 0.140695        8.78615175 
 0.156328        8.59196225 
 0.171961        8.56306348 
 0.187594        8.39640684 
 0.203226        8.47111175 
 0.218859        8.34631203 
 0.234492        8.43405479 
 0.250125        8.52288855 
 0.265758        8.57984733 
 0.281390        8.56737779 
 0.297023        8.60889567 
 0.312656        8.52585331 
 0.328289        8.49342683 
 0.343922        8.23925221 
 0.359555        8.27293594 
 0.375187        8.20341181 
 0.390820        8.24300324 
 &&
 0.000000        9.45797615 
 0.015633        9.45528848 
 0.031266        9.43280178 
 0.046898        9.41436660 
 0.062531        9.34796447 
 0.078164        9.25159448 
 0.093797        9.26899929 
 0.109430        9.30443147 
 0.125062        9.15584160 
 0.140695        8.83242424 
 0.156328        8.64057293 
 0.171961        8.57681154 
 0.187594        8.46196321 
 0.203226        8.49815767 
 0.218859        8.63169423 
 0.234492        8.72605945 
 0.250125        8.72272506 
 0.265758        8.68011923 
 0.281390        8.70594389 
 0.297023        8.61271632 
 0.312656        8.60453342 
 0.328289        8.61481338 
 0.343922        8.45573484 
 0.359555        8.35546381 
 0.375187        8.32145882 
 0.390820        8.25085788 
 &&
 0.000000        9.72503465 
 0.015633        9.56630957 
 0.031266        9.44410277 
 0.046898        9.42262803 
 0.062531        9.39578073 
 0.078164        9.33715157 
 0.093797        9.30819289 
 0.109430        9.32547384 
 0.125062        9.27426828 
 0.140695        9.01080817 
 0.156328        8.64063273 
 0.171961        8.57751659 
 0.187594        8.64054551 
 0.203226        8.55820616 
 0.218859        8.73603710 
 0.234492        8.94423978 
 0.250125        8.81577284 
 0.265758        8.69159939 
 0.281390        8.71534259 
 0.297023        8.74612983 
 0.312656        8.92050478 
 0.328289        9.03684215 
 0.343922        8.45788883 
 0.359555        8.39985207 
 0.375187        8.37653347 
 0.390820        8.27969351 
 &&
 0.000000        9.72522175 
 0.015633        9.75576239 
 0.031266        9.84292556 
 0.046898        9.97569926 
 0.062531       10.05480699 
 0.078164        9.35901183 
 0.093797        9.37229203 
 0.109430        9.51002348 
 0.125062        9.39731862 
 0.140695        9.02734288 
 0.156328        8.91252459 
 0.171961        8.82319499 
 0.187594        8.86373764 
 0.203226        8.73247876 
 0.218859        8.83452769 
 0.234492        8.95022274 
 0.250125        8.84816893 
 0.265758        8.69486544 
 0.281390        8.79942974 
 0.297023        8.74635783 
 0.312656        8.92056518 
 0.328289        9.04168281 
 0.343922        8.58279075 
 0.359555        8.49607901 
 0.375187        8.40012376 
 0.390820        8.36041806 
 &&
 0.000000        9.75403635 
 0.015633        9.75617775 
 0.031266        9.84355826 
 0.046898        9.97596352 
 0.062531       10.13733644 
 0.078164        9.95591562 
 0.093797        9.38775035 
 0.109430        9.52300681 
 0.125062        9.47205248 
 0.140695        9.49915912 
 0.156328        8.91306376 
 0.171961        8.82402819 
 0.187594        8.86396355 
 0.203226        8.93485594 
 0.218859        9.01165265 
 0.234492        8.98515728 
 0.250125        9.05832819 
 0.265758        8.93686873 
 0.281390        8.80238788 
 0.297023        8.83459334 
 0.312656        8.96527516 
 0.328289        9.06390618 
 0.343922        8.89596190 
 0.359555        8.67480902 
 0.375187        8.48386150 
 0.390820        8.59189447 
 &&