1 1 8
0.0 0.0 0.0
0.0 0.0 0.0

      30.739978 0.000000 0.000000
      0.000000 30.739978 0.000000
      0.000000 0.000000  8.038461979
32
   6  2.12913387e+01 1.53699890e+01 5.37007735e+00
   6  2.08405984e+01 1.76359865e+01 6.71259065e+00
   6  2.12913387e+01 1.53699890e+01 2.68503465e+00
   6  1.95570199e+01 1.95570199e+01 5.37007735e+00
   6  1.76359865e+01 2.08405984e+01 6.71259065e+00
   6  2.08405984e+01 1.76359865e+01 1.34252135e+00
   6  1.95570199e+01 1.95570199e+01 2.68503465e+00
   6  1.53699890e+01 2.12913387e+01 5.37007735e+00
   6  1.31039915e+01 2.08405984e+01 6.71259065e+00
   6  1.76359865e+01 2.08405984e+01 1.34252135e+00
   6  1.53699890e+01 2.12913387e+01 2.68503465e+00
   6  1.11829581e+01 1.95570199e+01 5.37007735e+00
   6  9.89937956e+00 1.76359865e+01 6.71259065e+00
   6  1.31039915e+01 2.08405984e+01 1.34252135e+00
   6  1.11829581e+01 1.95570199e+01 2.68503465e+00
   6  9.44863926e+00 1.53699890e+01 5.37007735e+00
   6  9.89937956e+00 1.31039915e+01 6.71259065e+00
   6  9.89937956e+00 1.76359865e+01 1.34252135e+00
   6  9.44863926e+00 1.53699890e+01 2.68503465e+00
   6  1.11829581e+01 1.11829581e+01 5.37007735e+00
   6  1.31039915e+01 9.89937956e+00 6.71259065e+00
   6  9.89937956e+00 1.31039915e+01 1.34252135e+00
   6  1.11829581e+01 1.11829581e+01 2.68503465e+00
   6  1.53699890e+01 9.44863926e+00 5.37007735e+00
   6  1.76359865e+01 9.89937956e+00 6.71259065e+00
   6  1.31039915e+01 9.89937956e+00 1.34252135e+00
   6  1.53699890e+01 9.44863926e+00 2.68503465e+00
   6  1.95570199e+01 1.11829581e+01 5.37007735e+00
   6  2.08405984e+01 1.31039915e+01 6.71259065e+00
   6  1.76359865e+01 9.89937956e+00 1.34252135e+00
   6  1.95570199e+01 1.11829581e+01 2.68503465e+00
   6  2.08405984e+01 1.31039915e+01 1.34252135e+00
108 108 30
.false.
